289 290 291 
292 293 294 
295 296 297 
298 299 300 
301 302 303 
304 305 306 
307 308 309 
310 311 312 
313 314 315 
316 317 318 
319 320 321 
322 323 324 
325 326 327 
328 329 330 
331 332 333 
334 335 336 
337 338 339 
340 341 342 
343 344 345 
346 347 348 
349 350 351 
352 353 354 
355 356 357 
358 359 360 
361 362 363 
364 365 366 
367 368 369 
370 371 372 
373 374 375 
376 377 378 
379 380 381 
382 383 384 
385 386 387 
388 389 390 
391 392 393 
394 395 396 
397 398 399 
400 401 402 
403 404 405 
406 407 408 
409 410 411 
412 413 414 
415 416 417 
418 419 420 
421 422 423 
424 425 426 
427 428 429 
430 431 432 
433 434 435 
436 437 438 
439 440 441 
442 443 444 
445 446 447 
448 449 450 
451 452 453 
454 455 456 
457 458 459 
460 461 462 
463 464 465 
466 467 468 
469 470 471 
472 473 474 
475 476 477 
478 479 480 
481 482 483 
484 485 486 
487 488 489 
490 491 492 
493 494 495 
496 497 498 
499 500 501 
502 503 504 
505 506 507 
508 509 510 
511 512 513 
514 515 516 
517 518 519 
520 521 522 
523 524 525 
526 527 528 
529 530 531 
532 533 534 
535 536 537 
538 539 540 
541 542 543 
544 545 546 
547 548 549 
550 551 552 
553 554 555 
556 557 558 
559 560 561 
562 563 564 
565 566 567 
568 569 570 
571 572 573 
574 575 576 
577 578 579 
580 581 582 
583 584 585 
586 587 588 
589 590 591 
592 593 594 
595 596 597 
598 599 600 
601 602 603 
604 605 606 
607 608 609 
610 611 612 
613 614 615 
616 617 618 
619 620 621 
622 623 624 
625 626 627 
628 629 630 
631 632 633 
634 635 636 
637 638 639 
640 641 642 
643 644 645 
646 647 648 
649 650 651 
652 653 654 
655 656 657 
658 659 660 
661 662 663 
664 665 666 
667 668 669 
670 671 672 
289 673 674 
675 290 676 
677 678 291 
292 679 680 
681 293 682 
683 684 294 
295 685 686 
687 296 688 
689 690 297 
298 691 692 
693 299 694 
695 696 300 
301 697 698 
699 302 700 
701 702 303 
304 703 704 
705 305 706 
707 708 306 
307 709 710 
711 308 712 
713 714 309 
310 715 716 
717 311 718 
719 720 312 
313 721 722 
723 314 724 
725 726 315 
316 727 728 
729 317 730 
731 732 318 
319 733 734 
735 320 736 
737 738 321 
322 739 740 
741 323 742 
743 744 324 
325 745 746 
747 326 748 
749 750 327 
328 751 752 
753 329 754 
755 756 330 
331 757 758 
759 332 760 
761 762 333 
334 763 764 
765 335 766 
767 768 336 
337 769 770 
771 338 772 
773 774 339 
340 775 776 
777 341 778 
779 780 342 
343 781 782 
783 344 784 
785 786 345 
346 787 788 
789 347 790 
791 792 348 
349 793 794 
795 350 796 
797 798 351 
352 799 800 
801 353 802 
803 804 354 
355 805 806 
807 356 808 
809 810 357 
358 811 812 
813 359 814 
815 816 360 
361 817 818 
819 362 820 
821 822 363 
364 823 824 
825 365 826 
827 828 366 
367 829 830 
831 368 832 
833 834 369 
370 835 836 
837 371 838 
839 840 372 
373 841 842 
843 374 844 
845 846 375 
376 847 848 
849 377 850 
851 852 378 
379 853 854 
855 380 856 
857 858 381 
382 859 860 
861 383 862 
863 864 384 
385 865 866 
677 386 867 
675 868 387 
388 678 869 
870 389 871 
872 673 390 
391 873 676 
874 392 674 
875 876 393 
394 877 878 
683 395 879 
681 880 396 
397 684 881 
882 398 883 
884 679 399 
400 885 682 
886 401 680 
887 888 402 
403 889 890 
689 404 891 
687 892 405 
406 690 893 
894 407 895 
896 685 408 
409 897 688 
898 410 686 
899 900 411 
412 901 902 
695 413 903 
693 904 414 
415 696 905 
906 416 907 
908 691 417 
418 909 694 
910 419 692 
911 912 420 
421 913 914 
701 422 915 
699 916 423 
424 702 917 
918 425 919 
920 697 426 
427 921 700 
922 428 698 
923 924 429 
430 925 926 
707 431 927 
705 928 432 
433 708 929 
930 434 931 
932 703 435 
436 933 706 
934 437 704 
935 936 438 
439 937 938 
713 440 939 
711 940 441 
442 714 941 
942 443 943 
944 709 444 
445 945 712 
946 446 710 
947 948 447 
448 949 950 
719 449 951 
717 952 450 
451 720 953 
954 452 955 
956 715 453 
454 957 718 
958 455 716 
959 960 456 
457 961 962 
725 458 963 
723 964 459 
460 726 965 
875 461 966 
874 721 462 
463 967 724 
872 464 722 
870 968 465 
466 876 969 
731 467 970 
729 873 468 
469 732 971 
972 470 973 
974 727 471 
472 868 730 
975 473 728 
976 865 474 
475 977 871 
737 476 869 
735 978 477 
478 738 867 
979 479 866 
980 733 480 
481 981 736 
982 482 734 
983 984 483 
484 985 986 
743 485 987 
741 988 486 
487 744 989 
887 488 990 
886 739 489 
490 991 742 
884 491 740 
882 992 492 
493 888 993 
749 494 994 
747 885 495 
496 750 995 
996 497 997 
998 745 498 
499 880 748 
999 500 746 
1000 877 501 
502 1001 883 
755 503 881 
753 1002 504 
505 756 879 
1003 506 878 
1004 751 507 
508 1005 754 
1006 509 752 
1007 1008 510 
511 1009 1010 
761 512 1011 
759 1012 513 
514 762 1013 
899 515 1014 
898 757 516 
517 1015 760 
896 518 758 
894 1016 519 
520 900 1017 
767 521 1018 
765 897 522 
523 768 1019 
983 524 1020 
982 763 525 
526 892 766 
980 527 764 
979 889 528 
529 1021 895 
773 530 893 
771 1022 531 
532 774 891 
976 533 890 
975 769 534 
535 1023 772 
974 536 770 
972 1024 537 
538 984 1025 
779 539 1026 
777 981 540 
541 780 1027 
911 542 1028 
910 775 543 
544 978 778 
908 545 776 
906 977 546 
547 912 1029 
785 548 1030 
783 909 549 
550 786 1031 
1032 551 1033 
1034 781 552 
553 904 784 
1035 554 782 
1036 901 555 
556 968 907 
791 557 905 
789 967 558 
559 792 903 
1037 560 902 
1038 787 561 
562 964 790 
1039 563 788 
1040 961 564 
565 1041 973 
797 566 971 
795 1042 567 
568 798 970 
923 569 969 
922 793 570 
571 1043 796 
920 572 794 
918 1044 573 
574 924 966 
803 575 965 
801 921 576 
577 804 963 
1045 578 962 
1046 799 579 
580 916 802 
1047 581 800 
1048 913 582 
583 1049 919 
809 584 917 
807 1050 585 
586 810 915 
1051 587 914 
1052 805 588 
589 1053 808 
1054 590 806 
1055 1056 591 
592 1032 1057 
815 593 1058 
813 1034 594 
595 816 1059 
935 596 1060 
934 811 597 
598 1035 814 
932 599 812 
930 1036 600 
601 936 1061 
821 602 1062 
819 933 603 
604 822 1063 
1007 605 1064 
1006 817 606 
607 928 820 
1004 608 818 
1003 925 609 
610 1037 931 
827 611 929 
825 1038 612 
613 828 927 
1000 614 926 
999 823 615 
616 1039 826 
998 617 824 
996 1040 618 
619 1008 1065 
833 620 1066 
831 1005 621 
622 834 1067 
947 623 1068 
946 829 624 
625 1002 832 
944 626 830 
942 1001 627 
628 948 1069 
839 629 1070 
837 945 630 
631 840 1071 
1072 632 1073 
1074 835 633 
634 940 838 
1075 635 836 
1076 937 636 
637 992 943 
845 638 941 
843 991 639 
640 846 939 
1077 641 938 
1078 841 642 
643 988 844 
1079 644 842 
1080 985 645 
646 1045 997 
851 647 995 
849 1046 648 
649 852 994 
959 650 993 
958 847 651 
652 1047 850 
956 653 848 
954 1048 654 
655 960 990 
857 656 989 
855 957 657 
658 858 987 
1081 659 986 
1082 853 660 
661 952 856 
1083 662 854 
1084 949 663 
664 1051 955 
863 665 953 
861 1052 666 
667 864 951 
1085 668 950 
1086 859 669 
670 1054 862 
1087 671 860 
1088 1055 672 
81 291 290 
291 82 289 
290 289 83 
84 294 293 
294 85 292 
293 292 86 
87 297 296 
297 88 295 
296 295 89 
90 300 299 
300 91 298 
299 298 92 
93 303 302 
303 94 301 
302 301 95 
96 306 305 
306 97 304 
305 304 98 
99 309 308 
309 100 307 
308 307 101 
102 312 311 
312 103 310 
311 310 104 
105 315 314 
315 106 313 
314 313 107 
108 318 317 
318 109 316 
317 316 110 
111 321 320 
321 112 319 
320 319 113 
114 324 323 
324 115 322 
323 322 116 
117 327 326 
327 118 325 
326 325 119 
120 330 329 
330 121 328 
329 328 122 
123 333 332 
333 124 331 
332 331 125 
126 336 335 
336 127 334 
335 334 128 
129 339 338 
339 130 337 
338 337 131 
132 342 341 
342 133 340 
341 340 134 
135 345 344 
345 136 343 
344 343 137 
138 348 347 
348 139 346 
347 346 140 
141 351 350 
351 142 349 
350 349 143 
144 354 353 
354 145 352 
353 352 146 
147 357 356 
357 148 355 
356 355 149 
150 360 359 
360 151 358 
359 358 152 
153 363 362 
363 154 361 
362 361 155 
156 366 365 
366 157 364 
365 364 158 
159 369 368 
369 160 367 
368 367 161 
162 372 371 
372 163 370 
371 370 164 
165 375 374 
375 166 373 
374 373 167 
168 378 377 
378 169 376 
377 376 170 
171 381 380 
381 172 379 
380 379 173 
174 384 383 
384 175 382 
383 382 176 
81 387 386 
387 177 385 
386 385 178 
179 390 389 
390 82 388 
389 388 180 
181 393 392 
393 182 391 
392 391 83 
84 396 395 
396 183 394 
395 394 184 
185 399 398 
399 85 397 
398 397 186 
187 402 401 
402 188 400 
401 400 86 
87 405 404 
405 189 403 
404 403 190 
191 408 407 
408 88 406 
407 406 192 
193 411 410 
411 194 409 
410 409 89 
90 414 413 
414 195 412 
413 412 196 
197 417 416 
417 91 415 
416 415 198 
199 420 419 
420 200 418 
419 418 92 
93 423 422 
423 201 421 
422 421 202 
203 426 425 
426 94 424 
425 424 204 
205 429 428 
429 206 427 
428 427 95 
96 432 431 
432 207 430 
431 430 208 
209 435 434 
435 97 433 
434 433 210 
211 438 437 
438 212 436 
437 436 98 
99 441 440 
441 213 439 
440 439 214 
215 444 443 
444 100 442 
443 442 216 
217 447 446 
447 218 445 
446 445 101 
102 450 449 
450 219 448 
449 448 220 
221 453 452 
453 103 451 
452 451 222 
223 456 455 
456 224 454 
455 454 104 
105 459 458 
459 225 457 
458 457 226 
181 462 461 
462 106 460 
461 460 227 
179 465 464 
465 228 463 
464 463 107 
108 468 467 
468 182 466 
467 466 229 
230 471 470 
471 109 469 
470 469 231 
232 474 473 
474 177 472 
473 472 110 
111 477 476 
477 233 475 
476 475 180 
234 480 479 
480 112 478 
479 478 178 
235 483 482 
483 236 481 
482 481 113 
114 486 485 
486 237 484 
485 484 238 
187 489 488 
489 115 487 
488 487 239 
185 492 491 
492 240 490 
491 490 116 
117 495 494 
495 188 493 
494 493 241 
242 498 497 
498 118 496 
497 496 243 
244 501 500 
501 183 499 
500 499 119 
120 504 503 
504 245 502 
503 502 186 
246 507 506 
507 121 505 
506 505 184 
247 510 509 
510 248 508 
509 508 122 
123 513 512 
513 249 511 
512 511 250 
193 516 515 
516 124 514 
515 514 251 
191 519 518 
519 252 517 
518 517 125 
126 522 521 
522 194 520 
521 520 253 
235 525 524 
525 127 523 
524 523 254 
234 528 527 
528 189 526 
527 526 128 
129 531 530 
531 255 529 
530 529 192 
232 534 533 
534 130 532 
533 532 190 
230 537 536 
537 256 535 
536 535 131 
132 540 539 
540 236 538 
539 538 257 
199 543 542 
543 133 541 
542 541 258 
197 546 545 
546 233 544 
545 544 134 
135 549 548 
549 200 547 
548 547 259 
260 552 551 
552 136 550 
551 550 261 
262 555 554 
555 195 553 
554 553 137 
138 558 557 
558 228 556 
557 556 198 
263 561 560 
561 139 559 
560 559 196 
264 564 563 
564 225 562 
563 562 140 
141 567 566 
567 265 565 
566 565 231 
205 570 569 
570 142 568 
569 568 229 
203 573 572 
573 266 571 
572 571 143 
144 576 575 
576 206 574 
575 574 227 
267 579 578 
579 145 577 
578 577 226 
268 582 581 
582 201 580 
581 580 146 
147 585 584 
585 269 583 
584 583 204 
270 588 587 
588 148 586 
587 586 202 
271 591 590 
591 272 589 
590 589 149 
150 594 593 
594 260 592 
593 592 273 
211 597 596 
597 151 595 
596 595 274 
209 600 599 
600 262 598 
599 598 152 
153 603 602 
603 212 601 
602 601 275 
247 606 605 
606 154 604 
605 604 276 
246 609 608 
609 207 607 
608 607 155 
156 612 611 
612 263 610 
611 610 210 
244 615 614 
615 157 613 
614 613 208 
242 618 617 
618 264 616 
617 616 158 
159 621 620 
621 248 619 
620 619 277 
217 624 623 
624 160 622 
623 622 278 
215 627 626 
627 245 625 
626 625 161 
162 630 629 
630 218 628 
629 628 279 
280 633 632 
633 163 631 
632 631 281 
282 636 635 
636 213 634 
635 634 164 
165 639 638 
639 240 637 
638 637 216 
283 642 641 
642 166 640 
641 640 214 
284 645 644 
645 237 643 
644 643 167 
168 648 647 
648 267 646 
647 646 243 
223 651 650 
651 169 649 
650 649 241 
221 654 653 
654 268 652 
653 652 170 
171 657 656 
657 224 655 
656 655 239 
285 660 659 
660 172 658 
659 658 238 
286 663 662 
663 219 661 
662 661 173 
174 666 665 
666 270 664 
665 664 222 
287 669 668 
669 175 667 
668 667 220 
288 672 671 
672 271 670 
671 670 176 
25 674 673 
674 83 289 
673 289 82 
83 676 290 
676 26 675 
290 675 81 
82 291 678 
291 81 677 
678 677 27 
28 680 679 
680 86 292 
679 292 85 
86 682 293 
682 29 681 
293 681 84 
85 294 684 
294 84 683 
684 683 30 
31 686 685 
686 89 295 
685 295 88 
89 688 296 
688 32 687 
296 687 87 
88 297 690 
297 87 689 
690 689 33 
34 692 691 
692 92 298 
691 298 91 
92 694 299 
694 35 693 
299 693 90 
91 300 696 
300 90 695 
696 695 36 
37 698 697 
698 95 301 
697 301 94 
95 700 302 
700 38 699 
302 699 93 
94 303 702 
303 93 701 
702 701 39 
40 704 703 
704 98 304 
703 304 97 
98 706 305 
706 41 705 
305 705 96 
97 306 708 
306 96 707 
708 707 42 
43 710 709 
710 101 307 
709 307 100 
101 712 308 
712 44 711 
308 711 99 
100 309 714 
309 99 713 
714 713 45 
46 716 715 
716 104 310 
715 310 103 
104 718 311 
718 47 717 
311 717 102 
103 312 720 
312 102 719 
720 719 48 
25 722 721 
722 107 313 
721 313 106 
107 724 314 
724 49 723 
314 723 105 
106 315 726 
315 105 725 
726 725 50 
51 728 727 
728 110 316 
727 316 109 
110 730 317 
730 26 729 
317 729 108 
109 318 732 
318 108 731 
732 731 52 
53 734 733 
734 113 319 
733 319 112 
113 736 320 
736 54 735 
320 735 111 
112 321 738 
321 111 737 
738 737 27 
28 740 739 
740 116 322 
739 322 115 
116 742 323 
742 55 741 
323 741 114 
115 324 744 
324 114 743 
744 743 56 
57 746 745 
746 119 325 
745 325 118 
119 748 326 
748 29 747 
326 747 117 
118 327 750 
327 117 749 
750 749 58 
59 752 751 
752 122 328 
751 328 121 
122 754 329 
754 60 753 
329 753 120 
121 330 756 
330 120 755 
756 755 30 
31 758 757 
758 125 331 
757 331 124 
125 760 332 
760 61 759 
332 759 123 
124 333 762 
333 123 761 
762 761 62 
53 764 763 
764 128 334 
763 334 127 
128 766 335 
766 32 765 
335 765 126 
127 336 768 
336 126 767 
768 767 63 
51 770 769 
770 131 337 
769 337 130 
131 772 338 
772 64 771 
338 771 129 
130 339 774 
339 129 773 
774 773 33 
34 776 775 
776 134 340 
775 340 133 
134 778 341 
778 54 777 
341 777 132 
133 342 780 
342 132 779 
780 779 65 
66 782 781 
782 137 343 
781 343 136 
137 784 344 
784 35 783 
344 783 135 
136 345 786 
345 135 785 
786 785 67 
68 788 787 
788 140 346 
787 346 139 
140 790 347 
790 49 789 
347 789 138 
139 348 792 
348 138 791 
792 791 36 
37 794 793 
794 143 349 
793 349 142 
143 796 350 
796 69 795 
350 795 141 
142 351 798 
351 141 797 
798 797 52 
70 800 799 
800 146 352 
799 352 145 
146 802 353 
802 38 801 
353 801 144 
145 354 804 
354 144 803 
804 803 50 
71 806 805 
806 149 355 
805 355 148 
149 808 356 
808 72 807 
356 807 147 
148 357 810 
357 147 809 
810 809 39 
40 812 811 
812 152 358 
811 358 151 
152 814 359 
814 66 813 
359 813 150 
151 360 816 
360 150 815 
816 815 73 
59 818 817 
818 155 361 
817 361 154 
155 820 362 
820 41 819 
362 819 153 
154 363 822 
363 153 821 
822 821 74 
57 824 823 
824 158 364 
823 364 157 
158 826 365 
826 68 825 
365 825 156 
157 366 828 
366 156 827 
828 827 42 
43 830 829 
830 161 367 
829 367 160 
161 832 368 
832 60 831 
368 831 159 
160 369 834 
369 159 833 
834 833 75 
76 836 835 
836 164 370 
835 370 163 
164 838 371 
838 44 837 
371 837 162 
163 372 840 
372 162 839 
840 839 77 
78 842 841 
842 167 373 
841 373 166 
167 844 374 
844 55 843 
374 843 165 
166 375 846 
375 165 845 
846 845 45 
46 848 847 
848 170 376 
847 376 169 
170 850 377 
850 70 849 
377 849 168 
169 378 852 
378 168 851 
852 851 58 
79 854 853 
854 173 379 
853 379 172 
173 856 380 
856 47 855 
380 855 171 
172 381 858 
381 171 857 
858 857 56 
80 860 859 
860 176 382 
859 382 175 
176 862 383 
862 71 861 
383 861 174 
175 384 864 
384 174 863 
864 863 48 
9 866 865 
866 178 385 
865 385 177 
178 867 386 
867 27 677 
386 677 81 
177 387 868 
387 81 675 
868 675 26 
27 869 678 
869 180 388 
678 388 82 
180 871 389 
871 10 870 
389 870 179 
82 390 673 
390 179 872 
673 872 25 
26 676 873 
676 83 391 
873 391 182 
83 674 392 
674 25 874 
392 874 181 
182 393 876 
393 181 875 
876 875 11 
12 878 877 
878 184 394 
877 394 183 
184 879 395 
879 30 683 
395 683 84 
183 396 880 
396 84 681 
880 681 29 
30 881 684 
881 186 397 
684 397 85 
186 883 398 
883 13 882 
398 882 185 
85 399 679 
399 185 884 
679 884 28 
29 682 885 
682 86 400 
885 400 188 
86 680 401 
680 28 886 
401 886 187 
188 402 888 
402 187 887 
888 887 14 
9 890 889 
890 190 403 
889 403 189 
190 891 404 
891 33 689 
404 689 87 
189 405 892 
405 87 687 
892 687 32 
33 893 690 
893 192 406 
690 406 88 
192 895 407 
895 15 894 
407 894 191 
88 408 685 
408 191 896 
685 896 31 
32 688 897 
688 89 409 
897 409 194 
89 686 410 
686 31 898 
410 898 193 
194 411 900 
411 193 899 
900 899 16 
17 902 901 
902 196 412 
901 412 195 
196 903 413 
903 36 695 
413 695 90 
195 414 904 
414 90 693 
904 693 35 
36 905 696 
905 198 415 
696 415 91 
198 907 416 
907 10 906 
416 906 197 
91 417 691 
417 197 908 
691 908 34 
35 694 909 
694 92 418 
909 418 200 
92 692 419 
692 34 910 
419 910 199 
200 420 912 
420 199 911 
912 911 18 
19 914 913 
914 202 421 
913 421 201 
202 915 422 
915 39 701 
422 701 93 
201 423 916 
423 93 699 
916 699 38 
39 917 702 
917 204 424 
702 424 94 
204 919 425 
919 20 918 
425 918 203 
94 426 697 
426 203 920 
697 920 37 
38 700 921 
700 95 427 
921 427 206 
95 698 428 
698 37 922 
428 922 205 
206 429 924 
429 205 923 
924 923 11 
12 926 925 
926 208 430 
925 430 207 
208 927 431 
927 42 707 
431 707 96 
207 432 928 
432 96 705 
928 705 41 
42 929 708 
929 210 433 
708 433 97 
210 931 434 
931 17 930 
434 930 209 
97 435 703 
435 209 932 
703 932 40 
41 706 933 
706 98 436 
933 436 212 
98 704 437 
704 40 934 
437 934 211 
212 438 936 
438 211 935 
936 935 21 
22 938 937 
938 214 439 
937 439 213 
214 939 440 
939 45 713 
440 713 99 
213 441 940 
441 99 711 
940 711 44 
45 941 714 
941 216 442 
714 442 100 
216 943 443 
943 13 942 
443 942 215 
100 444 709 
444 215 944 
709 944 43 
44 712 945 
712 101 445 
945 445 218 
101 710 446 
710 43 946 
446 946 217 
218 447 948 
447 217 947 
948 947 23 
24 950 949 
950 220 448 
949 448 219 
220 951 449 
951 48 719 
449 719 102 
219 450 952 
450 102 717 
952 717 47 
48 953 720 
953 222 451 
720 451 103 
222 955 452 
955 19 954 
452 954 221 
103 453 715 
453 221 956 
715 956 46 
47 718 957 
718 104 454 
957 454 224 
104 716 455 
716 46 958 
455 958 223 
224 456 960 
456 223 959 
960 959 14 
4 962 961 
962 226 457 
961 457 225 
226 963 458 
963 50 725 
458 725 105 
225 459 964 
459 105 723 
964 723 49 
50 965 726 
965 227 460 
726 460 106 
227 966 461 
966 11 875 
461 875 181 
106 462 721 
462 181 874 
721 874 25 
49 724 967 
724 107 463 
967 463 228 
107 722 464 
722 25 872 
464 872 179 
228 465 968 
465 179 870 
968 870 10 
11 969 876 
969 229 466 
876 466 182 
229 970 467 
970 52 731 
467 731 108 
182 468 873 
468 108 729 
873 729 26 
52 971 732 
971 231 469 
732 469 109 
231 973 470 
973 5 972 
470 972 230 
109 471 727 
471 230 974 
727 974 51 
26 730 868 
730 110 472 
868 472 177 
110 728 473 
728 51 975 
473 975 232 
177 474 865 
474 232 976 
865 976 9 
10 871 977 
871 180 475 
977 475 233 
180 869 476 
869 27 737 
476 737 111 
233 477 978 
477 111 735 
978 735 54 
27 867 738 
867 178 478 
738 478 112 
178 866 479 
866 9 979 
479 979 234 
112 480 733 
480 234 980 
733 980 53 
54 736 981 
736 113 481 
981 481 236 
113 734 482 
734 53 982 
482 982 235 
236 483 984 
483 235 983 
984 983 6 
7 986 985 
986 238 484 
985 484 237 
238 987 485 
987 56 743 
485 743 114 
237 486 988 
486 114 741 
988 741 55 
56 989 744 
989 239 487 
744 487 115 
239 990 488 
990 14 887 
488 887 187 
115 489 739 
489 187 886 
739 886 28 
55 742 991 
742 116 490 
991 490 240 
116 740 491 
740 28 884 
491 884 185 
240 492 992 
492 185 882 
992 882 13 
14 993 888 
993 241 493 
888 493 188 
241 994 494 
994 58 749 
494 749 117 
188 495 885 
495 117 747 
885 747 29 
58 995 750 
995 243 496 
750 496 118 
243 997 497 
997 4 996 
497 996 242 
118 498 745 
498 242 998 
745 998 57 
29 748 880 
748 119 499 
880 499 183 
119 746 500 
746 57 999 
500 999 244 
183 501 877 
501 244 1000 
877 1000 12 
13 883 1001 
883 186 502 
1001 502 245 
186 881 503 
881 30 755 
503 755 120 
245 504 1002 
504 120 753 
1002 753 60 
30 879 756 
879 184 505 
756 505 121 
184 878 506 
878 12 1003 
506 1003 246 
121 507 751 
507 246 1004 
751 1004 59 
60 754 1005 
754 122 508 
1005 508 248 
122 752 509 
752 59 1006 
509 1006 247 
248 510 1008 
510 247 1007 
1008 1007 8 
0 1010 1009 
1010 250 511 
1009 511 249 
250 1011 512 
1011 62 761 
512 761 123 
249 513 1012 
513 123 759 
1012 759 61 
62 1013 762 
1013 251 514 
762 514 124 
251 1014 515 
1014 16 899 
515 899 193 
124 516 757 
516 193 898 
757 898 31 
61 760 1015 
760 125 517 
1015 517 252 
125 758 518 
758 31 896 
518 896 191 
252 519 1016 
519 191 894 
1016 894 15 
16 1017 900 
1017 253 520 
900 520 194 
253 1018 521 
1018 63 767 
521 767 126 
194 522 897 
522 126 765 
897 765 32 
63 1019 768 
1019 254 523 
768 523 127 
254 1020 524 
1020 6 983 
524 983 235 
127 525 763 
525 235 982 
763 982 53 
32 766 892 
766 128 526 
892 526 189 
128 764 527 
764 53 980 
527 980 234 
189 528 889 
528 234 979 
889 979 9 
15 895 1021 
895 192 529 
1021 529 255 
192 893 530 
893 33 773 
530 773 129 
255 531 1022 
531 129 771 
1022 771 64 
33 891 774 
891 190 532 
774 532 130 
190 890 533 
890 9 976 
533 976 232 
130 534 769 
534 232 975 
769 975 51 
64 772 1023 
772 131 535 
1023 535 256 
131 770 536 
770 51 974 
536 974 230 
256 537 1024 
537 230 972 
1024 972 5 
6 1025 984 
1025 257 538 
984 538 236 
257 1026 539 
1026 65 779 
539 779 132 
236 540 981 
540 132 777 
981 777 54 
65 1027 780 
1027 258 541 
780 541 133 
258 1028 542 
1028 18 911 
542 911 199 
133 543 775 
543 199 910 
775 910 34 
54 778 978 
778 134 544 
978 544 233 
134 776 545 
776 34 908 
545 908 197 
233 546 977 
546 197 906 
977 906 10 
18 1029 912 
1029 259 547 
912 547 200 
259 1030 548 
1030 67 785 
548 785 135 
200 549 909 
549 135 783 
909 783 35 
67 1031 786 
1031 261 550 
786 550 136 
261 1033 551 
1033 1 1032 
551 1032 260 
136 552 781 
552 260 1034 
781 1034 66 
35 784 904 
784 137 553 
904 553 195 
137 782 554 
782 66 1035 
554 1035 262 
195 555 901 
555 262 1036 
901 1036 17 
10 907 968 
907 198 556 
968 556 228 
198 905 557 
905 36 791 
557 791 138 
228 558 967 
558 138 789 
967 789 49 
36 903 792 
903 196 559 
792 559 139 
196 902 560 
902 17 1037 
560 1037 263 
139 561 787 
561 263 1038 
787 1038 68 
49 790 964 
790 140 562 
964 562 225 
140 788 563 
788 68 1039 
563 1039 264 
225 564 961 
564 264 1040 
961 1040 4 
5 973 1041 
973 231 565 
1041 565 265 
231 971 566 
971 52 797 
566 797 141 
265 567 1042 
567 141 795 
1042 795 69 
52 970 798 
970 229 568 
798 568 142 
229 969 569 
969 11 923 
569 923 205 
142 570 793 
570 205 922 
793 922 37 
69 796 1043 
796 143 571 
1043 571 266 
143 794 572 
794 37 920 
572 920 203 
266 573 1044 
573 203 918 
1044 918 20 
11 966 924 
966 227 574 
924 574 206 
227 965 575 
965 50 803 
575 803 144 
206 576 921 
576 144 801 
921 801 38 
50 963 804 
963 226 577 
804 577 145 
226 962 578 
962 4 1045 
578 1045 267 
145 579 799 
579 267 1046 
799 1046 70 
38 802 916 
802 146 580 
916 580 201 
146 800 581 
800 70 1047 
581 1047 268 
201 582 913 
582 268 1048 
913 1048 19 
20 919 1049 
919 204 583 
1049 583 269 
204 917 584 
917 39 809 
584 809 147 
269 585 1050 
585 147 807 
1050 807 72 
39 915 810 
915 202 586 
810 586 148 
202 914 587 
914 19 1051 
587 1051 270 
148 588 805 
588 270 1052 
805 1052 71 
72 808 1053 
808 149 589 
1053 589 272 
149 806 590 
806 71 1054 
590 1054 271 
272 591 1056 
591 271 1055 
1056 1055 2 
1 1057 1032 
1057 273 592 
1032 592 260 
273 1058 593 
1058 73 815 
593 815 150 
260 594 1034 
594 150 813 
1034 813 66 
73 1059 816 
1059 274 595 
816 595 151 
274 1060 596 
1060 21 935 
596 935 211 
151 597 811 
597 211 934 
811 934 40 
66 814 1035 
814 152 598 
1035 598 262 
152 812 599 
812 40 932 
599 932 209 
262 600 1036 
600 209 930 
1036 930 17 
21 1061 936 
1061 275 601 
936 601 212 
275 1062 602 
1062 74 821 
602 821 153 
212 603 933 
603 153 819 
933 819 41 
74 1063 822 
1063 276 604 
822 604 154 
276 1064 605 
1064 8 1007 
605 1007 247 
154 606 817 
606 247 1006 
817 1006 59 
41 820 928 
820 155 607 
928 607 207 
155 818 608 
818 59 1004 
608 1004 246 
207 609 925 
609 246 1003 
925 1003 12 
17 931 1037 
931 210 610 
1037 610 263 
210 929 611 
929 42 827 
611 827 156 
263 612 1038 
612 156 825 
1038 825 68 
42 927 828 
927 208 613 
828 613 157 
208 926 614 
926 12 1000 
614 1000 244 
157 615 823 
615 244 999 
823 999 57 
68 826 1039 
826 158 616 
1039 616 264 
158 824 617 
824 57 998 
617 998 242 
264 618 1040 
618 242 996 
1040 996 4 
8 1065 1008 
1065 277 619 
1008 619 248 
277 1066 620 
1066 75 833 
620 833 159 
248 621 1005 
621 159 831 
1005 831 60 
75 1067 834 
1067 278 622 
834 622 160 
278 1068 623 
1068 23 947 
623 947 217 
160 624 829 
624 217 946 
829 946 43 
60 832 1002 
832 161 625 
1002 625 245 
161 830 626 
830 43 944 
626 944 215 
245 627 1001 
627 215 942 
1001 942 13 
23 1069 948 
1069 279 628 
948 628 218 
279 1070 629 
1070 77 839 
629 839 162 
218 630 945 
630 162 837 
945 837 44 
77 1071 840 
1071 281 631 
840 631 163 
281 1073 632 
1073 3 1072 
632 1072 280 
163 633 835 
633 280 1074 
835 1074 76 
44 838 940 
838 164 634 
940 634 213 
164 836 635 
836 76 1075 
635 1075 282 
213 636 937 
636 282 1076 
937 1076 22 
13 943 992 
943 216 637 
992 637 240 
216 941 638 
941 45 845 
638 845 165 
240 639 991 
639 165 843 
991 843 55 
45 939 846 
939 214 640 
846 640 166 
214 938 641 
938 22 1077 
641 1077 283 
166 642 841 
642 283 1078 
841 1078 78 
55 844 988 
844 167 643 
988 643 237 
167 842 644 
842 78 1079 
644 1079 284 
237 645 985 
645 284 1080 
985 1080 7 
4 997 1045 
997 243 646 
1045 646 267 
243 995 647 
995 58 851 
647 851 168 
267 648 1046 
648 168 849 
1046 849 70 
58 994 852 
994 241 649 
852 649 169 
241 993 650 
993 14 959 
650 959 223 
169 651 847 
651 223 958 
847 958 46 
70 850 1047 
850 170 652 
1047 652 268 
170 848 653 
848 46 956 
653 956 221 
268 654 1048 
654 221 954 
1048 954 19 
14 990 960 
990 239 655 
960 655 224 
239 989 656 
989 56 857 
656 857 171 
224 657 957 
657 171 855 
957 855 47 
56 987 858 
987 238 658 
858 658 172 
238 986 659 
986 7 1081 
659 1081 285 
172 660 853 
660 285 1082 
853 1082 79 
47 856 952 
856 173 661 
952 661 219 
173 854 662 
854 79 1083 
662 1083 286 
219 663 949 
663 286 1084 
949 1084 24 
19 955 1051 
955 222 664 
1051 664 270 
222 953 665 
953 48 863 
665 863 174 
270 666 1052 
666 174 861 
1052 861 71 
48 951 864 
951 220 667 
864 667 175 
220 950 668 
950 24 1085 
668 1085 287 
175 669 859 
669 287 1086 
859 1086 80 
71 862 1054 
862 176 670 
1054 670 271 
176 860 671 
860 80 1087 
671 1087 288 
271 672 1055 
672 288 1088 
1055 1088 2 
