512 513 514 
515 516 517 
518 519 520 
521 522 523 
524 525 526 
527 528 529 
530 531 532 
533 534 535 
536 537 538 
539 540 541 
542 543 544 
545 546 547 
548 549 550 
551 552 553 
554 555 556 
557 558 559 
560 561 562 
563 564 565 
566 567 568 
569 570 571 
572 573 574 
575 576 577 
578 579 580 
581 582 583 
584 585 586 
587 588 589 
590 591 592 
593 594 595 
596 597 598 
599 600 601 
602 603 604 
605 606 607 
608 609 610 
611 612 613 
614 615 616 
617 618 619 
620 621 622 
623 624 625 
626 627 628 
629 630 631 
632 633 634 
635 636 637 
638 639 640 
641 642 643 
644 645 646 
647 648 649 
650 651 652 
653 654 655 
656 657 658 
659 660 661 
662 663 664 
665 666 667 
668 669 670 
671 672 673 
674 675 676 
677 678 679 
680 681 682 
683 684 685 
686 687 688 
689 690 691 
692 693 694 
695 696 697 
698 699 700 
701 702 703 
704 705 706 
707 708 709 
710 711 712 
713 714 715 
716 717 718 
719 720 721 
722 723 724 
725 726 727 
728 729 730 
731 732 733 
734 735 736 
737 738 739 
740 741 742 
743 744 745 
746 747 748 
749 750 751 
752 753 754 
755 756 757 
758 759 760 
761 762 763 
764 765 766 
767 768 769 
770 771 772 
773 774 775 
776 777 778 
779 780 781 
782 783 784 
785 786 787 
788 789 790 
791 792 793 
794 795 796 
797 798 799 
800 801 802 
803 804 805 
806 807 808 
809 810 811 
812 813 814 
815 816 817 
818 819 820 
821 822 823 
824 825 826 
827 828 829 
830 831 832 
833 834 835 
836 837 838 
839 840 841 
842 843 844 
845 846 847 
848 849 850 
851 852 853 
854 855 856 
857 858 859 
860 861 862 
863 864 865 
866 867 868 
869 870 871 
872 873 874 
875 876 877 
878 879 880 
881 882 883 
884 885 886 
887 888 889 
890 891 892 
893 894 895 
896 897 898 
899 900 901 
902 903 904 
905 906 907 
908 909 910 
911 912 913 
914 915 916 
917 918 919 
920 921 922 
923 924 925 
926 927 928 
929 930 931 
932 933 934 
935 936 937 
938 939 940 
941 942 943 
944 945 946 
947 948 949 
950 951 952 
953 954 955 
956 957 958 
959 960 961 
962 963 964 
965 966 967 
968 969 970 
971 972 973 
974 975 976 
977 978 979 
980 981 982 
983 984 985 
986 987 988 
989 990 991 
992 993 994 
995 996 997 
998 999 1000 
1001 1002 1003 
1004 1005 1006 
1007 1008 1009 
1010 1011 1012 
1013 1014 1015 
1016 1017 1018 
1019 1020 1021 
1022 1023 1024 
1025 1026 1027 
1028 1029 1030 
1031 1032 1033 
1034 1035 1036 
1037 1038 1039 
1040 1041 1042 
1043 1044 1045 
1046 1047 1048 
1049 1050 1051 
1052 1053 1054 
1055 1056 1057 
1058 1059 1060 
1061 1062 1063 
1064 1065 1066 
1067 1068 1069 
1070 1071 1072 
1073 1074 1075 
1076 1077 1078 
1079 1080 1081 
1082 1083 1084 
1085 1086 1087 
1088 1089 1090 
1091 1092 1093 
1094 1095 1096 
1097 1098 1099 
1100 1101 1102 
1103 1104 1105 
1106 1107 1108 
1109 1110 1111 
1112 1113 1114 
1115 1116 1117 
1118 1119 1120 
1121 1122 1123 
1124 1125 1126 
1127 1128 1129 
1130 1131 1132 
1133 1134 1135 
1136 1137 1138 
1139 1140 1141 
1142 1143 1144 
1145 1146 1147 
1148 1149 1150 
1151 1152 1153 
1154 1155 1156 
1157 1158 1159 
1160 1161 1162 
1163 1164 1165 
1166 1167 1168 
1169 1170 1171 
1172 1173 1174 
1175 1176 1177 
1178 1179 1180 
1181 1182 1183 
1184 1185 1186 
1187 1188 1189 
1190 1191 1192 
1193 1194 1195 
1196 1197 1198 
1199 1200 1201 
1202 1203 1204 
1205 1206 1207 
1208 1209 1210 
1211 1212 1213 
1214 1215 1216 
1217 1218 1219 
1220 1221 1222 
1223 1224 1225 
1226 1227 1228 
1229 1230 1231 
1232 1233 1234 
1235 1236 1237 
1238 1239 1240 
1241 1242 1243 
1244 1245 1246 
1247 1248 1249 
1250 1251 1252 
1253 1254 1255 
1256 1257 1258 
1259 1260 1261 
1262 1263 1264 
1265 1266 1267 
1268 1269 1270 
1271 1272 1273 
1274 1275 1276 
1277 1278 1279 
1280 1281 1282 
1283 1284 1285 
1286 1287 1288 
1289 1290 1291 
1292 1293 1294 
1295 1296 1297 
1298 1299 1300 
1301 1302 1303 
1304 1305 1306 
1307 1308 1309 
1310 1311 1312 
1313 1314 1315 
1316 1317 1318 
1319 1320 1321 
1322 1323 1324 
1325 1326 1327 
1328 1329 1330 
1331 1332 1333 
1334 1335 1336 
1337 1338 1339 
1340 1341 1342 
1343 1344 1345 
1346 1347 1348 
1349 1350 1351 
1352 1353 1354 
1355 1356 1357 
1358 1359 1360 
1361 1362 1363 
1364 1365 1366 
1367 1368 1369 
1370 1371 1372 
1373 1374 1375 
1376 1377 1378 
1379 1380 1381 
1382 1383 1384 
1385 1386 1387 
1388 1389 1390 
1391 1392 1393 
1394 1395 1396 
1397 1398 1399 
1400 1401 1402 
1403 1404 1405 
1406 1407 1408 
1409 1410 1411 
1412 1413 1414 
1415 1416 1417 
1418 1419 1420 
1421 1422 1423 
1424 1425 1426 
1427 1428 1429 
1430 1431 1432 
1433 1434 1435 
1436 1437 1438 
1439 1440 1441 
1442 1443 1444 
1445 1446 1447 
1448 1449 1450 
1451 1452 1453 
1454 1455 1456 
1457 1458 1459 
1460 1461 1462 
1463 1464 1465 
1466 1467 1468 
1469 1470 1471 
1472 1473 1474 
1475 1476 1477 
1478 1479 1480 
1481 1482 1483 
1484 1485 1486 
1487 1488 1489 
1490 1491 1492 
1493 1494 1495 
1496 1497 1498 
1499 1500 1501 
1502 1503 1504 
1505 1506 1507 
1508 1509 1510 
1511 1512 1513 
1514 1515 1516 
1517 1518 1519 
1520 1521 1522 
1523 1524 1525 
1526 1527 1528 
1529 1530 1531 
1532 1533 1534 
1535 1536 1537 
1538 1539 1540 
1541 1542 1543 
1544 1545 1546 
1547 1548 1549 
1550 1551 1552 
1553 1554 1555 
1556 1557 1558 
1559 1560 1561 
1562 1563 1564 
1565 1566 1567 
1568 1569 1570 
1571 1572 1573 
1574 1575 1576 
1577 1578 1579 
1580 1581 1582 
1583 1584 1585 
1586 1587 1588 
1589 1590 1591 
1592 1593 1594 
1595 1596 1597 
1598 1599 1600 
1601 1602 1603 
1604 1605 1606 
1607 1608 1609 
1610 1611 1612 
1613 1614 1615 
1616 1617 1618 
1619 1620 1621 
1622 1623 1624 
1625 1626 1627 
1628 1629 1630 
1631 1632 1633 
1634 1635 1636 
1637 1638 1639 
1640 1641 1642 
1643 1644 1645 
1646 1647 1648 
1649 1650 1651 
1652 1653 1654 
1655 1656 1657 
1658 1659 1660 
1661 1662 1663 
1664 1665 1666 
1667 1668 1669 
1670 1671 1672 
1673 1674 1675 
1676 1677 1678 
1679 1680 1681 
1682 1683 1684 
1685 1686 1687 
1688 1689 1690 
1691 1692 1693 
1694 1695 1696 
1697 1698 1699 
1700 1701 1702 
1703 1704 1705 
1706 1707 1708 
1709 1710 1711 
1712 1713 1714 
1715 1716 1717 
1718 1719 1720 
1721 1722 1723 
1724 1725 1726 
1727 1728 1729 
1730 1731 1732 
1733 1734 1735 
1736 1737 1738 
1739 1740 1741 
1742 1743 1744 
1745 1746 1747 
1748 1749 1750 
1751 1752 1753 
1754 1755 1756 
1757 1758 1759 
1760 1761 1762 
1763 1764 1765 
1766 1767 1768 
1769 1770 1771 
1772 1773 1774 
1775 1776 1777 
1778 1779 1780 
1781 1782 1783 
1784 1785 1786 
1787 1788 1789 
1790 1791 1792 
1793 1794 1795 
1796 1797 1798 
1799 1800 1801 
1802 1803 1804 
1805 1806 1807 
1808 1809 1810 
1811 1812 1813 
1814 1815 1816 
1817 1818 1819 
1820 1821 1822 
1823 1824 1825 
1826 1827 1828 
1829 1830 1831 
1832 1833 1834 
1835 1836 1837 
1838 1839 1840 
1841 1842 1843 
1844 1845 1846 
1847 1848 1849 
1850 1851 1852 
1853 1854 1855 
1856 1857 1858 
1859 1860 1861 
1862 1863 1864 
1865 1866 1867 
1868 1869 1870 
1871 1872 1873 
1874 1875 1876 
1877 1878 1879 
1880 1881 1882 
1883 1884 1885 
1886 1887 1888 
1889 1890 1891 
1892 1893 1894 
1895 1896 1897 
1898 1899 1900 
1901 1902 1903 
1904 1905 1906 
1907 1908 1909 
1910 1911 1912 
1913 1914 1915 
1916 1917 1918 
1919 1920 1921 
1922 1923 1924 
1925 1926 1927 
1928 1929 1930 
1931 1932 1933 
1934 1935 1936 
1937 1938 1939 
1940 1941 1942 
1943 1944 1945 
1946 1947 1948 
1949 1950 1951 
1952 1953 1954 
1955 1956 1957 
1958 1959 1960 
1961 1962 1963 
1964 1965 1966 
1967 1968 1969 
1970 1971 1972 
1973 1974 1975 
1976 1977 1978 
1979 1980 1981 
1982 1983 1984 
1985 1986 1987 
1988 1989 1990 
1991 1992 1993 
1994 1995 1996 
1997 1998 1999 
2000 2001 2002 
2003 2004 2005 
2006 2007 2008 
2009 2010 2011 
2012 2013 2014 
2015 2016 2017 
2018 2019 2020 
2021 2022 2023 
2024 2025 2026 
2027 2028 2029 
2030 2031 2032 
2033 2034 2035 
2036 2037 2038 
2039 2040 2041 
2042 2043 2044 
2045 2046 2047 
0 901 903 
898 0 902 
897 899 0 
1 910 912 
907 1 911 
906 908 1 
2 919 921 
916 2 920 
915 917 2 
3 928 930 
925 3 929 
924 926 3 
4 937 939 
934 4 938 
933 935 4 
5 946 948 
943 5 947 
942 944 5 
6 955 957 
952 6 956 
951 953 6 
7 964 966 
961 7 965 
960 962 7 
8 973 975 
970 8 974 
969 971 8 
9 982 984 
979 9 983 
978 980 9 
10 991 993 
988 10 992 
987 989 10 
11 1000 1002 
997 11 1001 
996 998 11 
12 1009 1011 
1006 12 1010 
1005 1007 12 
13 1018 1020 
1015 13 1019 
1014 1016 13 
14 1027 1029 
1024 14 1028 
1023 1025 14 
15 1036 1038 
1033 15 1037 
1032 1034 15 
16 1045 1047 
1042 16 1046 
1041 1043 16 
17 1054 1056 
1051 17 1055 
1050 1052 17 
18 1063 1065 
1060 18 1064 
1059 1061 18 
19 1072 1074 
1069 19 1073 
1068 1070 19 
20 1081 1083 
1078 20 1082 
1077 1079 20 
21 1090 1092 
1087 21 1091 
1086 1088 21 
22 1099 1101 
1096 22 1100 
1095 1097 22 
23 1108 1110 
1105 23 1109 
1104 1106 23 
24 1117 1119 
1114 24 1118 
1113 1115 24 
25 1126 1128 
1123 25 1127 
1122 1124 25 
26 1135 1137 
1132 26 1136 
1131 1133 26 
27 1144 1146 
1141 27 1145 
1140 1142 27 
28 1153 1155 
1150 28 1154 
1149 1151 28 
29 1162 1164 
1159 29 1163 
1158 1160 29 
30 1171 1173 
1168 30 1172 
1167 1169 30 
31 1180 1182 
1177 31 1181 
1176 1178 31 
32 1189 1191 
1186 32 1190 
1185 1187 32 
33 1198 1200 
1195 33 1199 
1194 1196 33 
34 1207 1209 
1204 34 1208 
1203 1205 34 
35 1216 1218 
1213 35 1217 
1212 1214 35 
36 1225 1227 
1222 36 1226 
1221 1223 36 
37 1234 1236 
1231 37 1235 
1230 1232 37 
38 1243 1245 
1240 38 1244 
1239 1241 38 
39 1252 1254 
1249 39 1253 
1248 1250 39 
40 1261 1263 
1258 40 1262 
1257 1259 40 
41 1270 1272 
1267 41 1271 
1266 1268 41 
42 1279 1281 
1276 42 1280 
1275 1277 42 
43 1288 1290 
1285 43 1289 
1284 1286 43 
44 1297 1299 
1294 44 1298 
1293 1295 44 
45 1306 1308 
1303 45 1307 
1302 1304 45 
46 1315 1317 
1312 46 1316 
1311 1313 46 
47 1324 1326 
1321 47 1325 
1320 1322 47 
48 1333 1335 
1330 48 1334 
1329 1331 48 
49 1342 1344 
1339 49 1343 
1338 1340 49 
50 1351 1353 
1348 50 1352 
1347 1349 50 
51 1360 1362 
1357 51 1361 
1356 1358 51 
52 1369 1371 
1366 52 1370 
1365 1367 52 
53 1378 1380 
1375 53 1379 
1374 1376 53 
54 1387 1389 
1384 54 1388 
1383 1385 54 
55 1396 1398 
1393 55 1397 
1392 1394 55 
56 1405 1407 
1402 56 1406 
1401 1403 56 
57 1414 1416 
1411 57 1415 
1410 1412 57 
58 1423 1425 
1420 58 1424 
1419 1421 58 
59 1432 1434 
1429 59 1433 
1428 1430 59 
60 1441 1443 
1438 60 1442 
1437 1439 60 
61 1450 1452 
1447 61 1451 
1446 1448 61 
62 1459 1461 
1456 62 1460 
1455 1457 62 
63 1468 1470 
1465 63 1469 
1464 1466 63 
64 1477 1479 
1474 64 1478 
1473 1475 64 
65 1486 1488 
1483 65 1487 
1482 1484 65 
66 1495 1497 
1492 66 1496 
1491 1493 66 
67 1504 1506 
1501 67 1505 
1500 1502 67 
68 1513 1515 
1510 68 1514 
1509 1511 68 
69 1522 1524 
1519 69 1523 
1518 1520 69 
70 1531 1533 
1528 70 1532 
1527 1529 70 
71 1540 1542 
1537 71 1541 
1536 1538 71 
72 1549 1551 
1546 72 1550 
1545 1547 72 
73 1558 1560 
1555 73 1559 
1554 1556 73 
74 1567 1569 
1564 74 1568 
1563 1565 74 
75 1576 1578 
1573 75 1577 
1572 1574 75 
76 1585 1587 
1582 76 1586 
1581 1583 76 
77 1594 1596 
1591 77 1595 
1590 1592 77 
78 1603 1605 
1600 78 1604 
1599 1601 78 
79 1612 1614 
1609 79 1613 
1608 1610 79 
80 1621 1623 
1618 80 1622 
1617 1619 80 
81 1630 1632 
1627 81 1631 
1626 1628 81 
82 1639 1641 
1636 82 1640 
1635 1637 82 
83 1648 1650 
1645 83 1649 
1644 1646 83 
84 1657 1659 
1654 84 1658 
1653 1655 84 
85 1666 1668 
1663 85 1667 
1662 1664 85 
86 1675 1677 
1672 86 1676 
1671 1673 86 
87 1684 1686 
1681 87 1685 
1680 1682 87 
88 1693 1695 
1690 88 1694 
1689 1691 88 
89 1702 1704 
1699 89 1703 
1698 1700 89 
90 1711 1713 
1708 90 1712 
1707 1709 90 
91 1720 1722 
1717 91 1721 
1716 1718 91 
92 1729 1731 
1726 92 1730 
1725 1727 92 
93 1738 1740 
1735 93 1739 
1734 1736 93 
94 1747 1749 
1744 94 1748 
1743 1745 94 
95 1756 1758 
1753 95 1757 
1752 1754 95 
96 1765 1767 
1762 96 1766 
1761 1763 96 
97 1774 1776 
1771 97 1775 
1770 1772 97 
98 1783 1785 
1780 98 1784 
1779 1781 98 
99 1792 1794 
1789 99 1793 
1788 1790 99 
100 1801 1803 
1798 100 1802 
1797 1799 100 
101 1810 1812 
1807 101 1811 
1806 1808 101 
102 1819 1821 
1816 102 1820 
1815 1817 102 
103 1828 1830 
1825 103 1829 
1824 1826 103 
104 1837 1839 
1834 104 1838 
1833 1835 104 
105 1846 1848 
1843 105 1847 
1842 1844 105 
106 1855 1857 
1852 106 1856 
1851 1853 106 
107 1864 1866 
1861 107 1865 
1860 1862 107 
108 1873 1875 
1870 108 1874 
1869 1871 108 
109 1882 1884 
1879 109 1883 
1878 1880 109 
110 1891 1893 
1888 110 1892 
1887 1889 110 
111 1900 1902 
1897 111 1901 
1896 1898 111 
112 1909 1911 
1906 112 1910 
1905 1907 112 
113 1918 1920 
1915 113 1919 
1914 1916 113 
114 1927 1929 
1924 114 1928 
1923 1925 114 
115 1936 1938 
1933 115 1937 
1932 1934 115 
116 1945 1947 
1942 116 1946 
1941 1943 116 
117 1954 1956 
1951 117 1955 
1950 1952 117 
118 1963 1965 
1960 118 1964 
1959 1961 118 
119 1972 1974 
1969 119 1973 
1968 1970 119 
120 1981 1983 
1978 120 1982 
1977 1979 120 
121 1990 1992 
1987 121 1991 
1986 1988 121 
122 1999 2001 
1996 122 2000 
1995 1997 122 
123 2008 2010 
2005 123 2009 
2004 2006 123 
124 2017 2019 
2014 124 2018 
2013 2015 124 
125 2026 2028 
2023 125 2027 
2022 2024 125 
126 2035 2037 
2032 126 2036 
2031 2033 126 
127 2044 2046 
2041 127 2045 
2040 2042 127 
128 1201 1206 
514 128 1205 
513 1199 128 
129 514 1203 
1192 129 1202 
1191 512 129 
130 1195 513 
1189 130 512 
1188 1193 130 
131 1228 1233 
517 131 1232 
516 1226 131 
132 517 1230 
1219 132 1229 
1218 515 132 
133 1222 516 
1216 133 515 
1215 1220 133 
134 1255 1260 
520 134 1259 
519 1253 134 
135 520 1257 
1246 135 1256 
1245 518 135 
136 1249 519 
1243 136 518 
1242 1247 136 
137 1282 1287 
523 137 1286 
522 1280 137 
138 523 1284 
1273 138 1283 
1272 521 138 
139 1276 522 
1270 139 521 
1269 1274 139 
140 1309 1314 
526 140 1313 
525 1307 140 
141 526 1311 
1300 141 1310 
1299 524 141 
142 1303 525 
1297 142 524 
1296 1301 142 
143 1336 1341 
529 143 1340 
528 1334 143 
144 529 1338 
1327 144 1337 
1326 527 144 
145 1330 528 
1324 145 527 
1323 1328 145 
146 1363 1368 
532 146 1367 
531 1361 146 
147 532 1365 
1354 147 1364 
1353 530 147 
148 1357 531 
1351 148 530 
1350 1355 148 
149 1390 1395 
535 149 1394 
534 1388 149 
150 535 1392 
1381 150 1391 
1380 533 150 
151 1384 534 
1378 151 533 
1377 1382 151 
152 1417 1422 
538 152 1421 
537 1415 152 
153 538 1419 
1408 153 1418 
1407 536 153 
154 1411 537 
1405 154 536 
1404 1409 154 
155 1444 1449 
541 155 1448 
540 1442 155 
156 541 1446 
1435 156 1445 
1434 539 156 
157 1438 540 
1432 157 539 
1431 1436 157 
158 1471 1476 
544 158 1475 
543 1469 158 
159 544 1473 
1462 159 1472 
1461 542 159 
160 1465 543 
1459 160 542 
1458 1463 160 
161 1498 1503 
547 161 1502 
546 1496 161 
162 547 1500 
1489 162 1499 
1488 545 162 
163 1492 546 
1486 163 545 
1485 1490 163 
164 1525 1530 
550 164 1529 
549 1523 164 
165 550 1527 
1516 165 1526 
1515 548 165 
166 1519 549 
1513 166 548 
1512 1517 166 
167 1552 1557 
553 167 1556 
552 1550 167 
168 553 1554 
1543 168 1553 
1542 551 168 
169 1546 552 
1540 169 551 
1539 1544 169 
170 1579 1584 
556 170 1583 
555 1577 170 
171 556 1581 
1570 171 1580 
1569 554 171 
172 1573 555 
1567 172 554 
1566 1571 172 
173 1606 1611 
559 173 1610 
558 1604 173 
174 559 1608 
1597 174 1607 
1596 557 174 
175 1600 558 
1594 175 557 
1593 1598 175 
176 1633 1638 
562 176 1637 
561 1631 176 
177 562 1635 
1624 177 1634 
1623 560 177 
178 1627 561 
1621 178 560 
1620 1625 178 
179 1660 1665 
565 179 1664 
564 1658 179 
180 565 1662 
1651 180 1661 
1650 563 180 
181 1654 564 
1648 181 563 
1647 1652 181 
182 1687 1692 
568 182 1691 
567 1685 182 
183 568 1689 
1678 183 1688 
1677 566 183 
184 1681 567 
1675 184 566 
1674 1679 184 
185 1714 1719 
571 185 1718 
570 1712 185 
186 571 1716 
1705 186 1715 
1704 569 186 
187 1708 570 
1702 187 569 
1701 1706 187 
188 1741 1746 
574 188 1745 
573 1739 188 
189 574 1743 
1732 189 1742 
1731 572 189 
190 1735 573 
1729 190 572 
1728 1733 190 
191 1768 1773 
577 191 1772 
576 1766 191 
192 577 1770 
1759 192 1769 
1758 575 192 
193 1762 576 
1756 193 575 
1755 1760 193 
194 1795 1800 
580 194 1799 
579 1793 194 
195 580 1797 
1786 195 1796 
1785 578 195 
196 1789 579 
1783 196 578 
1782 1787 196 
197 1822 1827 
583 197 1826 
582 1820 197 
198 583 1824 
1813 198 1823 
1812 581 198 
199 1816 582 
1810 199 581 
1809 1814 199 
200 1849 1854 
586 200 1853 
585 1847 200 
201 586 1851 
1840 201 1850 
1839 584 201 
202 1843 585 
1837 202 584 
1836 1841 202 
203 1876 1881 
589 203 1880 
588 1874 203 
204 589 1878 
1867 204 1877 
1866 587 204 
205 1870 588 
1864 205 587 
1863 1868 205 
206 1903 1908 
592 206 1907 
591 1901 206 
207 592 1905 
1894 207 1904 
1893 590 207 
208 1897 591 
1891 208 590 
1890 1895 208 
209 1930 1935 
595 209 1934 
594 1928 209 
210 595 1932 
1921 210 1931 
1920 593 210 
211 1924 594 
1918 211 593 
1917 1922 211 
212 1957 1962 
598 212 1961 
597 1955 212 
213 598 1959 
1948 213 1958 
1947 596 213 
214 1951 597 
1945 214 596 
1944 1949 214 
215 1984 1989 
601 215 1988 
600 1982 215 
216 601 1986 
1975 216 1985 
1974 599 216 
217 1978 600 
1972 217 599 
1971 1976 217 
218 2011 2016 
604 218 2015 
603 2009 218 
219 604 2013 
2002 219 2012 
2001 602 219 
220 2005 603 
1999 220 602 
1998 2003 220 
221 2038 2043 
607 221 2042 
606 2036 221 
222 607 2040 
2029 222 2039 
2028 605 222 
223 2032 606 
2026 223 605 
2025 2030 223 
224 1453 1467 
610 224 1466 
609 1451 224 
225 610 1464 
904 225 1463 
903 608 225 
226 1447 609 
901 226 608 
900 1445 226 
227 904 1458 
613 227 1457 
612 902 227 
228 613 1455 
1426 228 1454 
1425 611 228 
229 898 612 
1423 229 611 
1422 896 229 
230 1435 900 
616 230 899 
615 1433 230 
231 616 897 
1417 231 896 
1416 614 231 
232 1429 615 
1414 232 614 
1413 1427 232 
233 1534 1548 
619 233 1547 
618 1532 233 
234 619 1545 
913 234 1544 
912 617 234 
235 1528 618 
910 235 617 
909 1526 235 
236 913 1539 
622 236 1538 
621 911 236 
237 622 1536 
1507 237 1535 
1506 620 237 
238 907 621 
1504 238 620 
1503 905 238 
239 1516 909 
625 239 908 
624 1514 239 
240 625 906 
1498 240 905 
1497 623 240 
241 1510 624 
1495 241 623 
1494 1508 241 
242 1615 1629 
628 242 1628 
627 1613 242 
243 628 1626 
922 243 1625 
921 626 243 
244 1609 627 
919 244 626 
918 1607 244 
245 922 1620 
631 245 1619 
630 920 245 
246 631 1617 
1588 246 1616 
1587 629 246 
247 916 630 
1585 247 629 
1584 914 247 
248 1597 918 
634 248 917 
633 1595 248 
249 634 915 
1579 249 914 
1578 632 249 
250 1591 633 
1576 250 632 
1575 1589 250 
251 1696 1710 
637 251 1709 
636 1694 251 
252 637 1707 
931 252 1706 
930 635 252 
253 1690 636 
928 253 635 
927 1688 253 
254 931 1701 
640 254 1700 
639 929 254 
255 640 1698 
1669 255 1697 
1668 638 255 
256 925 639 
1666 256 638 
1665 923 256 
257 1678 927 
643 257 926 
642 1676 257 
258 643 924 
1660 258 923 
1659 641 258 
259 1672 642 
1657 259 641 
1656 1670 259 
260 1777 1791 
646 260 1790 
645 1775 260 
261 646 1788 
940 261 1787 
939 644 261 
262 1771 645 
937 262 644 
936 1769 262 
263 940 1782 
649 263 1781 
648 938 263 
264 649 1779 
1750 264 1778 
1749 647 264 
265 934 648 
1747 265 647 
1746 932 265 
266 1759 936 
652 266 935 
651 1757 266 
267 652 933 
1741 267 932 
1740 650 267 
268 1753 651 
1738 268 650 
1737 1751 268 
269 1858 1872 
655 269 1871 
654 1856 269 
270 655 1869 
949 270 1868 
948 653 270 
271 1852 654 
946 271 653 
945 1850 271 
272 949 1863 
658 272 1862 
657 947 272 
273 658 1860 
1831 273 1859 
1830 656 273 
274 943 657 
1828 274 656 
1827 941 274 
275 1840 945 
661 275 944 
660 1838 275 
276 661 942 
1822 276 941 
1821 659 276 
277 1834 660 
1819 277 659 
1818 1832 277 
278 1939 1953 
664 278 1952 
663 1937 278 
279 664 1950 
958 279 1949 
957 662 279 
280 1933 663 
955 280 662 
954 1931 280 
281 958 1944 
667 281 1943 
666 956 281 
282 667 1941 
1912 282 1940 
1911 665 282 
283 952 666 
1909 283 665 
1908 950 283 
284 1921 954 
670 284 953 
669 1919 284 
285 670 951 
1903 285 950 
1902 668 285 
286 1915 669 
1900 286 668 
1899 1913 286 
287 2020 2034 
673 287 2033 
672 2018 287 
288 673 2031 
967 288 2030 
966 671 288 
289 2014 672 
964 289 671 
963 2012 289 
290 967 2025 
676 290 2024 
675 965 290 
291 676 2022 
1993 291 2021 
1992 674 291 
292 961 675 
1990 292 674 
1989 959 292 
293 2002 963 
679 293 962 
678 2000 293 
294 679 960 
1984 294 959 
1983 677 294 
295 1996 678 
1981 295 677 
1980 1994 295 
296 1723 1764 
682 296 1763 
681 1721 296 
297 682 1761 
976 297 1760 
975 680 297 
298 1717 681 
973 298 680 
972 1715 298 
299 976 1755 
685 299 1754 
684 974 299 
300 685 1752 
1210 300 1751 
1209 683 300 
301 970 684 
1207 301 683 
1206 968 301 
302 1705 972 
688 302 971 
687 1703 302 
303 688 969 
1201 303 968 
1200 686 303 
304 1699 687 
1198 304 686 
1197 1697 304 
305 1210 1737 
691 305 1736 
690 1208 305 
306 691 1734 
985 306 1733 
984 689 306 
307 1204 690 
982 307 689 
981 1202 307 
308 985 1728 
694 308 1727 
693 983 308 
309 694 1725 
1642 309 1724 
1641 692 309 
310 979 693 
1639 310 692 
1638 977 310 
311 1192 981 
697 311 980 
696 1190 311 
312 697 978 
1633 312 977 
1632 695 312 
313 1186 696 
1630 313 695 
1629 1184 313 
314 1669 1197 
700 314 1196 
699 1667 314 
315 700 1194 
994 315 1193 
993 698 315 
316 1663 699 
991 316 698 
990 1661 316 
317 994 1188 
703 317 1187 
702 992 317 
318 703 1185 
1615 318 1184 
1614 701 318 
319 988 702 
1612 319 701 
1611 986 319 
320 1651 990 
706 320 989 
705 1649 320 
321 706 987 
1606 321 986 
1605 704 321 
322 1645 705 
1603 322 704 
1602 1643 322 
323 1966 2007 
709 323 2006 
708 1964 323 
324 709 2004 
1003 324 2003 
1002 707 324 
325 1960 708 
1000 325 707 
999 1958 325 
326 1003 1998 
712 326 1997 
711 1001 326 
327 712 1995 
1237 327 1994 
1236 710 327 
328 997 711 
1234 328 710 
1233 995 328 
329 1948 999 
715 329 998 
714 1946 329 
330 715 996 
1228 330 995 
1227 713 330 
331 1942 714 
1225 331 713 
1224 1940 331 
332 1237 1980 
718 332 1979 
717 1235 332 
333 718 1977 
1012 333 1976 
1011 716 333 
334 1231 717 
1009 334 716 
1008 1229 334 
335 1012 1971 
721 335 1970 
720 1010 335 
336 721 1968 
1885 336 1967 
1884 719 336 
337 1006 720 
1882 337 719 
1881 1004 337 
338 1219 1008 
724 338 1007 
723 1217 338 
339 724 1005 
1876 339 1004 
1875 722 339 
340 1213 723 
1873 340 722 
1872 1211 340 
341 1912 1224 
727 341 1223 
726 1910 341 
342 727 1221 
1021 342 1220 
1020 725 342 
343 1906 726 
1018 343 725 
1017 1904 343 
344 1021 1215 
730 344 1214 
729 1019 344 
345 730 1212 
1858 345 1211 
1857 728 345 
346 1015 729 
1855 346 728 
1854 1013 346 
347 1894 1017 
733 347 1016 
732 1892 347 
348 733 1014 
1849 348 1013 
1848 731 348 
349 1888 732 
1846 349 731 
1845 1886 349 
350 -1 -1 
736 350 -1 
735 -1 350 
351 736 -1 
1030 351 -1 
1029 734 351 
352 -1 735 
1027 352 734 
1026 -1 352 
353 1030 -1 
739 353 -1 
738 1028 353 
354 739 -1 
1264 354 -1 
1263 737 354 
355 1024 738 
1261 355 737 
1260 1022 355 
356 -1 1026 
742 356 1025 
741 -1 356 
357 742 1023 
1255 357 1022 
1254 740 357 
358 -1 741 
1252 358 740 
1251 -1 358 
359 1264 -1 
745 359 -1 
744 1262 359 
360 745 -1 
1039 360 -1 
1038 743 360 
361 1258 744 
1036 361 743 
1035 1256 361 
362 1039 -1 
748 362 -1 
747 1037 362 
363 748 -1 
1480 363 -1 
1479 746 363 
364 1033 747 
1477 364 746 
1476 1031 364 
365 1246 1035 
751 365 1034 
750 1244 365 
366 751 1032 
1471 366 1031 
1470 749 366 
367 1240 750 
1468 367 749 
1467 1238 367 
368 -1 1251 
754 368 1250 
753 -1 368 
369 754 1248 
1048 369 1247 
1047 752 369 
370 -1 753 
1045 370 752 
1044 -1 370 
371 1048 1242 
757 371 1241 
756 1046 371 
372 757 1239 
1453 372 1238 
1452 755 372 
373 1042 756 
1450 373 755 
1449 1040 373 
374 -1 1044 
760 374 1043 
759 -1 374 
375 760 1041 
1444 375 1040 
1443 758 375 
376 -1 759 
1441 376 758 
1440 -1 376 
377 1480 -1 
763 377 -1 
762 1478 377 
378 763 -1 
1057 378 -1 
1056 761 378 
379 1474 762 
1054 379 761 
1053 1472 379 
380 1057 -1 
766 380 -1 
765 1055 380 
381 766 -1 
1291 381 -1 
1290 764 381 
382 1051 765 
1288 382 764 
1287 1049 382 
383 1462 1053 
769 383 1052 
768 1460 383 
384 769 1050 
1282 384 1049 
1281 767 384 
385 1456 768 
1279 385 767 
1278 1454 385 
386 1291 -1 
772 386 -1 
771 1289 386 
387 772 -1 
1066 387 -1 
1065 770 387 
388 1285 771 
1063 388 770 
1062 1283 388 
389 1066 -1 
775 389 -1 
774 1064 389 
390 775 -1 
1805 390 -1 
1807 773 390 
391 1060 774 
1811 391 773 
1813 1058 391 
392 1273 1062 
778 392 1061 
777 1271 392 
393 778 1059 
1823 393 1058 
1825 776 393 
394 1267 777 
1829 394 776 
1831 1265 394 
395 1426 1278 
781 395 1277 
780 1424 395 
396 781 1275 
1075 396 1274 
1074 779 396 
397 1420 780 
1072 397 779 
1071 1418 397 
398 1075 1269 
784 398 1268 
783 1073 398 
399 784 1266 
1859 399 1265 
1861 782 399 
400 1069 783 
1865 400 782 
1867 1067 400 
401 1408 1071 
787 401 1070 
786 1406 401 
402 787 1068 
1877 402 1067 
1879 785 402 
403 1402 786 
1883 403 785 
1885 1400 403 
404 -1 1440 
790 404 1439 
789 -1 404 
405 790 1437 
1084 405 1436 
1083 788 405 
406 -1 789 
1081 406 788 
1080 -1 406 
407 1084 1431 
793 407 1430 
792 1082 407 
408 793 1428 
1318 408 1427 
1317 791 408 
409 1078 792 
1315 409 791 
1314 1076 409 
410 -1 1080 
796 410 1079 
795 -1 410 
411 796 1077 
1309 411 1076 
1308 794 411 
412 -1 795 
1306 412 794 
1305 -1 412 
413 1318 1413 
799 413 1412 
798 1316 413 
414 799 1410 
1093 414 1409 
1092 797 414 
415 1312 798 
1090 415 797 
1089 1310 415 
416 1093 1404 
802 416 1403 
801 1091 416 
417 802 1401 
1967 417 1400 
1969 800 417 
418 1087 801 
1973 418 800 
1975 1085 418 
419 1300 1089 
805 419 1088 
804 1298 419 
420 805 1086 
1985 420 1085 
1987 803 420 
421 1294 804 
1991 421 803 
1993 1292 421 
422 -1 1305 
808 422 1304 
807 -1 422 
423 808 1302 
1102 423 1301 
1101 806 423 
424 -1 807 
1099 424 806 
1098 -1 424 
425 1102 1296 
811 425 1295 
810 1100 425 
426 811 1293 
2021 426 1292 
2023 809 426 
427 1096 810 
2027 427 809 
2029 1094 427 
428 -1 1098 
814 428 1097 
813 -1 428 
429 814 1095 
2039 429 1094 
2041 812 429 
430 -1 813 
2045 430 812 
2047 -1 430 
431 1683 -1 
817 431 -1 
816 1684 431 
432 817 -1 
1111 432 -1 
1110 815 432 
433 1686 816 
1108 433 815 
1107 1687 433 
434 1111 -1 
820 434 -1 
819 1109 434 
435 820 -1 
1345 435 -1 
1344 818 435 
436 1105 819 
1342 436 818 
1341 1103 436 
437 1692 1107 
823 437 1106 
822 1693 437 
438 823 1104 
1336 438 1103 
1335 821 438 
439 1695 822 
1333 439 821 
1332 1696 439 
440 1345 -1 
826 440 -1 
825 1343 440 
441 826 -1 
1120 441 -1 
1119 824 441 
442 1339 825 
1117 442 824 
1116 1337 442 
443 1120 -1 
829 443 -1 
828 1118 443 
444 829 -1 
1561 444 -1 
1560 827 444 
445 1114 828 
1558 445 827 
1557 1112 445 
446 1327 1116 
832 446 1115 
831 1325 446 
447 832 1113 
1552 447 1112 
1551 830 447 
448 1321 831 
1549 448 830 
1548 1319 448 
449 1710 1332 
835 449 1331 
834 1711 449 
450 835 1329 
1129 450 1328 
1128 833 450 
451 1713 834 
1126 451 833 
1125 1714 451 
452 1129 1323 
838 452 1322 
837 1127 452 
453 838 1320 
1534 453 1319 
1533 836 453 
454 1123 837 
1531 454 836 
1530 1121 454 
455 1719 1125 
841 455 1124 
840 1720 455 
456 841 1122 
1525 456 1121 
1524 839 456 
457 1722 840 
1522 457 839 
1521 1723 457 
458 1561 -1 
844 458 -1 
843 1559 458 
459 844 -1 
1138 459 -1 
1137 842 459 
460 1555 843 
1135 460 842 
1134 1553 460 
461 1138 -1 
847 461 -1 
846 1136 461 
462 847 -1 
1372 462 -1 
1371 845 462 
463 1132 846 
1369 463 845 
1368 1130 463 
464 1543 1134 
850 464 1133 
849 1541 464 
465 850 1131 
1363 465 1130 
1362 848 465 
466 1537 849 
1360 466 848 
1359 1535 466 
467 1372 -1 
853 467 -1 
852 1370 467 
468 853 -1 
1147 468 -1 
1146 851 468 
469 1366 852 
1144 469 851 
1143 1364 469 
470 1147 -1 
856 470 -1 
855 1145 470 
471 856 -1 
-1 471 -1 
-1 854 471 
472 1141 855 
-1 472 854 
-1 1139 472 
473 1354 1143 
859 473 1142 
858 1352 473 
474 859 1140 
-1 474 1139 
-1 857 474 
475 1348 858 
-1 475 857 
-1 1346 475 
476 1507 1359 
862 476 1358 
861 1505 476 
477 862 1356 
1156 477 1355 
1155 860 477 
478 1501 861 
1153 478 860 
1152 1499 478 
479 1156 1350 
865 479 1349 
864 1154 479 
480 865 1347 
-1 480 1346 
-1 863 480 
481 1150 864 
-1 481 863 
-1 1148 481 
482 1489 1152 
868 482 1151 
867 1487 482 
483 868 1149 
-1 483 1148 
-1 866 483 
484 1483 867 
-1 484 866 
-1 1481 484 
485 1764 1521 
871 485 1520 
870 1765 485 
486 871 1518 
1165 486 1517 
1164 869 486 
487 1767 870 
1162 487 869 
1161 1768 487 
488 1165 1512 
874 488 1511 
873 1163 488 
489 874 1509 
1399 489 1508 
1398 872 489 
490 1159 873 
1396 490 872 
1395 1157 490 
491 1773 1161 
877 491 1160 
876 1774 491 
492 877 1158 
1390 492 1157 
1389 875 492 
493 1776 876 
1387 493 875 
1386 1777 493 
494 1399 1494 
880 494 1493 
879 1397 494 
495 880 1491 
1174 495 1490 
1173 878 495 
496 1393 879 
1171 496 878 
1170 1391 496 
497 1174 1485 
883 497 1484 
882 1172 497 
498 883 1482 
-1 498 1481 
-1 881 498 
499 1168 882 
-1 499 881 
-1 1166 499 
500 1381 1170 
886 500 1169 
885 1379 500 
501 886 1167 
-1 501 1166 
-1 884 501 
502 1375 885 
-1 502 884 
-1 1373 502 
503 1791 1386 
889 503 1385 
888 1792 503 
504 889 1383 
1183 504 1382 
1182 887 504 
505 1794 888 
1180 505 887 
1179 1795 505 
506 1183 1377 
892 506 1376 
891 1181 506 
507 892 1374 
-1 507 1373 
-1 890 507 
508 1177 891 
-1 508 890 
-1 1175 508 
509 1800 1179 
895 509 1178 
894 1801 509 
510 895 1176 
-1 510 1175 
-1 893 510 
511 1803 894 
-1 511 893 
-1 1804 511 
