0.00756964 0.00691284
0.00756964 0.00691284
0.00756964 0.00691284
0.00756964 0.00691284
0.00795775 0.00723432
0.00776127 0.00707175
0.00776127 0.00707175
0.00776127 0.00707175
0.00776127 0.00707175
0.00785889 0.00715257
0.00790817 0.00719333
0.00790817 0.00719333
0.00790817 0.00719333
0.00785889 0.00715257
0.00790817 0.00719333
0.00771291 0.00703169
0.00771291 0.00703169
0.00785889 0.00715257
0.00771291 0.00703169
0.00785889 0.00715257
0.00771291 0.00703169
0.00771291 0.00703169
0.00771291 0.00703169
0.00771291 0.00703169
0.00771291 0.00703169
0.00793292 0.00721379
0.00789582 0.00718312
0.00789582 0.00718312
0.00789582 0.00718312
0.00793292 0.00721379
0.00789582 0.00718312
0.00773705 0.00705169
0.00779774 0.00710195
0.00779774 0.00710195
0.00783437 0.00713228
0.00779774 0.00710195
0.00789582 0.00718312
0.00783437 0.00713228
0.00789582 0.00718312
0.00779774 0.00710195
0.00779774 0.00710195
0.00783437 0.00713228
0.00789582 0.00718312
0.00779774 0.00710195
0.00773705 0.00705169
0.00779774 0.00710195
0.00789582 0.00718312
0.00783437 0.00713228
0.00779774 0.00710195
0.00794532 0.00722405
0.00794532 0.00722405
0.00783437 0.00713228
0.00784662 0.00714242
0.00783437 0.00713228
0.00784662 0.00714242
0.00783437 0.00713228
0.00784662 0.00714242
0.00794532 0.00722405
0.00794532 0.00722405
0.00784662 0.00714242
0.00783437 0.00713228
0.00765289 0.00698192
0.00765289 0.00698192
0.00774915 0.00706172
0.00774915 0.00706172
0.00774915 0.00706172
0.00773705 0.00705169
0.00765289 0.00698192
0.00793292 0.00721379
0.00774915 0.00706172
0.00793292 0.00721379
0.00773705 0.00705169
0.00765289 0.00698192
0.00765289 0.00698192
0.00774915 0.00706172
0.00774915 0.00706172
0.00765289 0.00698192
0.00765289 0.00698192
0.00774915 0.00706172
0.00774915 0.00706172
0.00765289 0.00698192
0.00790199 0.00718822
0.00791744 0.007201
0.00791744 0.007201
0.00791744 0.007201
0.00790199 0.00718822
0.00791744 0.007201
0.00780383 0.007107
0.00777037 0.00707929
0.00777037 0.00707929
0.00785276 0.00714749
0.00786811 0.0071602
0.00781909 0.00711963
0.00785276 0.00714749
0.00781909 0.00711963
0.00786811 0.0071602
0.00786811 0.0071602
0.00785276 0.00714749
0.00781909 0.00711963
0.00777037 0.00707929
0.00780383 0.007107
0.00777037 0.00707929
0.00781909 0.00711963
0.00785276 0.00714749
0.00786811 0.0071602
0.00795153 0.00722918
0.00794222 0.00722148
0.00794222 0.00722148
0.00787734 0.00716783
0.00784356 0.00713988
0.00786811 0.0071602
0.00787734 0.00716783
0.00786811 0.0071602
0.00784356 0.00713988
0.00784356 0.00713988
0.00787734 0.00716783
0.00786811 0.0071602
0.00794222 0.00722148
0.00795153 0.00722918
0.00794222 0.00722148
0.00786811 0.0071602
0.00787734 0.00716783
0.00784356 0.00713988
0.00765887 0.00698688
0.00769786 0.00701921
0.00769786 0.00701921
0.00777948 0.00708684
0.00779469 0.00709943
0.00781909 0.00711963
0.00777948 0.00708684
0.00781909 0.00711963
0.00779469 0.00709943
0.00780383 0.007107
0.00779469 0.00709943
0.00784356 0.00713988
0.00773101 0.00704669
0.00769786 0.00701921
0.00777037 0.00707929
0.00792672 0.00720867
0.00791744 0.007201
0.00794222 0.00722148
0.00780383 0.007107
0.00784356 0.00713988
0.00779469 0.00709943
0.00792672 0.00720867
0.00794222 0.00722148
0.00791744 0.007201
0.00773101 0.00704669
0.00777037 0.00707929
0.00769786 0.00701921
0.00769786 0.00701921
0.00773101 0.00704669
0.00777037 0.00707929
0.00779469 0.00709943
0.00780383 0.007107
0.00784356 0.00713988
0.00791744 0.007201
0.00792672 0.00720867
0.00794222 0.00722148
0.00779469 0.00709943
0.00777948 0.00708684
0.00781909 0.00711963
0.00769786 0.00701921
0.00765887 0.00698688
0.00769786 0.00701921
0.00781909 0.00711963
0.00777948 0.00708684
0.00779469 0.00709943
0.00794222 0.00722148
0.00792672 0.00720867
0.00791744 0.007201
0.00784356 0.00713988
0.00780383 0.007107
0.00779469 0.00709943
0.00777037 0.00707929
0.00773101 0.00704669
0.00769786 0.00701921
0.00788041 0.00717037
0.00788041 0.00717037
0.00792672 0.00720867
0.00790508 0.00719077
0.00792672 0.00720867
0.00790508 0.00719077
0.00792672 0.00720867
0.00790508 0.00719077
0.00788041 0.00717037
0.00788041 0.00717037
0.00790508 0.00719077
0.00792672 0.00720867
0.00783131 0.00712975
0.00783131 0.00712975
0.00773101 0.00704669
0.00775824 0.00706924
0.00773101 0.00704669
0.00775824 0.00706924
0.00783131 0.00712975
0.00788041 0.00717037
0.00787734 0.00716783
0.00790508 0.00719077
0.00777948 0.00708684
0.00775824 0.00706924
0.00788041 0.00717037
0.00783131 0.00712975
0.00777948 0.00708684
0.00775824 0.00706924
0.00787734 0.00716783
0.00790508 0.00719077
0.00787734 0.00716783
0.00790508 0.00719077
0.00783131 0.00712975
0.00788041 0.00717037
0.00775824 0.00706924
0.00777948 0.00708684
0.00773101 0.00704669
0.00775824 0.00706924
0.00783131 0.00712975
0.00783131 0.00712975
0.00775824 0.00706924
0.00773101 0.00704669
0.00777948 0.00708684
0.00775824 0.00706924
0.00788041 0.00717037
0.00783131 0.00712975
0.00790508 0.00719077
0.00787734 0.00716783
0.00795464 0.00723175
0.00795464 0.00723175
0.00792982 0.00721123
0.00792982 0.00721123
0.00788041 0.00717037
0.00780383 0.007107
0.00780688 0.00710952
0.00785276 0.00714749
0.00788041 0.00717037
0.00785276 0.00714749
0.00780383 0.007107
0.00780688 0.00710952
0.00780383 0.007107
0.00780688 0.00710952
0.00788041 0.00717037
0.00785276 0.00714749
0.00792982 0.00721123
0.00795464 0.00723175
0.00795464 0.00723175
0.00792982 0.00721123
0.00785276 0.00714749
0.00788041 0.00717037
0.00780688 0.00710952
0.00780383 0.007107
0.00761413 0.00694977
0.00761413 0.00694977
0.00768584 0.00700925
0.00768584 0.00700925
0.00773403 0.00704919
0.00775824 0.00706924
0.00773403 0.00704919
0.00775824 0.00706924
0.00775824 0.00706924
0.00773403 0.00704919
0.00768584 0.00700925
0.00765887 0.00698688
0.00761413 0.00694977
0.00780383 0.007107
0.00790199 0.00718822
0.00795153 0.00722918
0.00775824 0.00706924
0.00773403 0.00704919
0.00795153 0.00722918
0.00790199 0.00718822
0.00768584 0.00700925
0.00780383 0.007107
0.00765887 0.00698688
0.00761413 0.00694977
0.00761413 0.00694977
0.00768584 0.00700925
0.00773403 0.00704919
0.00775824 0.00706924
0.00775824 0.00706924
0.00773403 0.00704919
0.00768584 0.00700925
0.00761413 0.00694977
0.00761413 0.00694977
0.00768584 0.00700925
0.00773403 0.00704919
0.00775824 0.00706924
0.00775824 0.00706924
0.00773403 0.00704919
0.00768584 0.00700925
0.00761413 0.00694977
0.00791899 0.00720227
0.00791048 0.00719524
0.00791048 0.00719524
0.00791048 0.00719524
0.00791899 0.00720227
0.00791048 0.00719524
0.00777189 0.00708055
0.00778784 0.00709376
0.00778784 0.00709376
0.00784509 0.00714115
0.00783667 0.00713418
0.0078612 0.00715448
0.00784509 0.00714115
0.0078612 0.00715448
0.00783667 0.00713418
0.00783667 0.00713418
0.00784509 0.00714115
0.0078612 0.00715448
0.00778784 0.00709376
0.00777189 0.00708055
0.00778784 0.00709376
0.0078612 0.00715448
0.00784509 0.00714115
0.00783667 0.00713418
0.00794377 0.00722276
0.00794765 0.00722597
0.00794765 0.00722597
0.00785736 0.0071513
0.00787349 0.00716465
0.0078612 0.00715448
0.00785736 0.0071513
0.0078612 0.00715448
0.00787349 0.00716465
0.00787349 0.00716465
0.00785736 0.0071513
0.0078612 0.00715448
0.00794765 0.00722597
0.00794377 0.00722276
0.00794765 0.00722597
0.0078612 0.00715448
0.00785736 0.0071513
0.00787349 0.00716465
0.00769937 0.00702046
0.00767909 0.00700365
0.00767909 0.00700365
0.0078084 0.00711079
0.00780002 0.00710384
0.00778784 0.00709376
0.0078084 0.00711079
0.00778784 0.00709376
0.00780002 0.00710384
0.00782061 0.00712089
0.00782443 0.00712406
0.00780002 0.00710384
0.00773554 0.00705044
0.00775142 0.0070636
0.00771517 0.00703356
0.00793137 0.00721251
0.00793524 0.00721571
0.00792285 0.00720547
0.00782061 0.00712089
0.00780002 0.00710384
0.00782443 0.00712406
0.00793137 0.00721251
0.00792285 0.00720547
0.00793524 0.00721571
0.00773554 0.00705044
0.00771517 0.00703356
0.00775142 0.0070636
0.00775142 0.0070636
0.00773554 0.00705044
0.00771517 0.00703356
0.00782443 0.00712406
0.00782061 0.00712089
0.00780002 0.00710384
0.00793524 0.00721571
0.00793137 0.00721251
0.00792285 0.00720547
0.00780002 0.00710384
0.0078084 0.00711079
0.00778784 0.00709376
0.00767909 0.00700365
0.00769937 0.00702046
0.00767909 0.00700365
0.00778784 0.00709376
0.0078084 0.00711079
0.00780002 0.00710384
0.00792285 0.00720547
0.00793137 0.00721251
0.00793524 0.00721571
0.00780002 0.00710384
0.00782061 0.00712089
0.00782443 0.00712406
0.00771517 0.00703356
0.00773554 0.00705044
0.00775142 0.0070636
0.00788195 0.00717165
0.00789197 0.00717993
0.00789197 0.00717993
0.0079128 0.00719716
0.00791667 0.00720036
0.00792285 0.00720547
0.0079128 0.00719716
0.00792285 0.00720547
0.00791667 0.00720036
0.00791667 0.00720036
0.0079128 0.00719716
0.00792285 0.00720547
0.00789197 0.00717993
0.00788195 0.00717165
0.00789197 0.00717993
0.00792285 0.00720547
0.0079128 0.00719716
0.00791667 0.00720036
0.00783284 0.00713102
0.00781832 0.007119
0.00781832 0.007119
0.00776582 0.00707552
0.00774537 0.00705858
0.00775142 0.0070636
0.00776582 0.00707552
0.00775142 0.0070636
0.00774537 0.00705858
0.00785736 0.0071513
0.00786734 0.00715956
0.00784279 0.00713925
0.00788811 0.00717674
0.00789197 0.00717993
0.00787349 0.00716465
0.00779012 0.00709565
0.00780002 0.00710384
0.00776961 0.00707866
0.00785736 0.0071513
0.00784279 0.00713925
0.00786734 0.00715956
0.00779012 0.00709565
0.00776961 0.00707866
0.00780002 0.00710384
0.00788811 0.00717674
0.00787349 0.00716465
0.00789197 0.00717993
0.00789197 0.00717993
0.00788811 0.00717674
0.00787349 0.00716465
0.00786734 0.00715956
0.00785736 0.0071513
0.00784279 0.00713925
0.00780002 0.00710384
0.00779012 0.00709565
0.00776961 0.00707866
0.00774537 0.00705858
0.00776582 0.00707552
0.00775142 0.0070636
0.00781832 0.007119
0.00783284 0.00713102
0.00781832 0.007119
0.00775142 0.0070636
0.00776582 0.00707552
0.00774537 0.00705858
0.00776961 0.00707866
0.00779012 0.00709565
0.00780002 0.00710384
0.00784279 0.00713925
0.00785736 0.0071513
0.00786734 0.00715956
0.00787349 0.00716465
0.00788811 0.00717674
0.00789197 0.00717993
0.00795619 0.00723303
0.00795386 0.00723111
0.00795386 0.00723111
0.00793757 0.00721764
0.00792905 0.00721059
0.00793524 0.00721571
0.00793757 0.00721764
0.00793524 0.00721571
0.00792905 0.00721059
0.00789428 0.00718184
0.00787964 0.00716974
0.00789197 0.00717993
0.00782673 0.00712595
0.00780612 0.00710889
0.00782443 0.00712406
0.0078758 0.00716656
0.0078612 0.00715448
0.00786734 0.00715956
0.00789428 0.00718184
0.00789197 0.00717993
0.00787964 0.00716974
0.0078758 0.00716656
0.00786734 0.00715956
0.0078612 0.00715448
0.00782673 0.00712595
0.00782443 0.00712406
0.00780612 0.00710889
0.00780612 0.00710889
0.00782673 0.00712595
0.00782443 0.00712406
0.00787964 0.00716974
0.00789428 0.00718184
0.00789197 0.00717993
0.0078612 0.00715448
0.0078758 0.00716656
0.00786734 0.00715956
0.00792905 0.00721059
0.00793757 0.00721764
0.00793524 0.00721571
0.00795386 0.00723111
0.00795619 0.00723303
0.00795386 0.00723111
0.00793524 0.00721571
0.00793757 0.00721764
0.00792905 0.00721059
0.00786734 0.00715956
0.0078758 0.00716656
0.0078612 0.00715448
0.00789197 0.00717993
0.00789428 0.00718184
0.00787964 0.00716974
0.00782443 0.00712406
0.00782673 0.00712595
0.00780612 0.00710889
0.00761561 0.006951
0.00763721 0.00696892
0.00763721 0.00696892
0.00769335 0.00701548
0.00770915 0.00702857
0.00771517 0.00703356
0.00769335 0.00701548
0.00771517 0.00703356
0.00770915 0.00702857
0.00774764 0.00706046
0.00775748 0.00706862
0.00776961 0.00707866
0.00777796 0.00708558
0.00778176 0.00708873
0.00780002 0.00710384
0.00782673 0.00712595
0.00783667 0.00713418
0.00784279 0.00713925
0.00774764 0.00706046
0.00776961 0.00707866
0.00775748 0.00706862
0.00782673 0.00712595
0.00784279 0.00713925
0.00783667 0.00713418
0.00777796 0.00708558
0.00780002 0.00710384
0.00778176 0.00708873
0.00778404 0.00709061
0.00778176 0.00708873
0.00780612 0.00710889
0.00776582 0.00707552
0.00775748 0.00706862
0.00778784 0.00709376
0.0078635 0.00715638
0.0078612 0.00715448
0.00787964 0.00716974
0.00772347 0.00704043
0.00770915 0.00702857
0.00774537 0.00705858
0.00765738 0.00698564
0.00763721 0.00696892
0.00767909 0.00700365
0.00780231 0.00710574
0.00778784 0.00709376
0.00781832 0.007119
0.00791899 0.00720227
0.00791667 0.00720036
0.00792905 0.00721059
0.00790045 0.00718694
0.00789197 0.00717993
0.00791048 0.00719524
0.00794998 0.0072279
0.00794765 0.00722597
0.00795386 0.00723111
0.00778404 0.00709061
0.00780612 0.00710889
0.00778176 0.00708873
0.0078635 0.00715638
0.00787964 0.00716974
0.0078612 0.00715448
0.00776582 0.00707552
0.00778784 0.00709376
0.00775748 0.00706862
0.00791899 0.00720227
0.00792905 0.00721059
0.00791667 0.00720036
0.00794998 0.0072279
0.00795386 0.00723111
0.00794765 0.00722597
0.00790045 0.00718694
0.00791048 0.00719524
0.00789197 0.00717993
0.00772347 0.00704043
0.00774537 0.00705858
0.00770915 0.00702857
0.00780231 0.00710574
0.00781832 0.007119
0.00778784 0.00709376
0.00765738 0.00698564
0.00767909 0.00700365
0.00763721 0.00696892
0.00763721 0.00696892
0.00765738 0.00698564
0.00767909 0.00700365
0.00770915 0.00702857
0.00772347 0.00704043
0.00774537 0.00705858
0.00778784 0.00709376
0.00780231 0.00710574
0.00781832 0.007119
0.00775748 0.00706862
0.00776582 0.00707552
0.00778784 0.00709376
0.00778176 0.00708873
0.00778404 0.00709061
0.00780612 0.00710889
0.0078612 0.00715448
0.0078635 0.00715638
0.00787964 0.00716974
0.00789197 0.00717993
0.00790045 0.00718694
0.00791048 0.00719524
0.00791667 0.00720036
0.00791899 0.00720227
0.00792905 0.00721059
0.00794765 0.00722597
0.00794998 0.0072279
0.00795386 0.00723111
0.00778176 0.00708873
0.00777796 0.00708558
0.00780002 0.00710384
0.00775748 0.00706862
0.00774764 0.00706046
0.00776961 0.00707866
0.00783667 0.00713418
0.00782673 0.00712595
0.00784279 0.00713925
0.00770915 0.00702857
0.00769335 0.00701548
0.00771517 0.00703356
0.00763721 0.00696892
0.00761561 0.006951
0.00763721 0.00696892
0.00771517 0.00703356
0.00769335 0.00701548
0.00770915 0.00702857
0.00784279 0.00713925
0.00782673 0.00712595
0.00783667 0.00713418
0.00776961 0.00707866
0.00774764 0.00706046
0.00775748 0.00706862
0.00780002 0.00710384
0.00777796 0.00708558
0.00778176 0.00708873
0.00795386 0.00723111
0.00794998 0.0072279
0.00794765 0.00722597
0.00792905 0.00721059
0.00791899 0.00720227
0.00791667 0.00720036
0.00791048 0.00719524
0.00790045 0.00718694
0.00789197 0.00717993
0.00787964 0.00716974
0.0078635 0.00715638
0.0078612 0.00715448
0.00780612 0.00710889
0.00778404 0.00709061
0.00778176 0.00708873
0.00778784 0.00709376
0.00776582 0.00707552
0.00775748 0.00706862
0.00781832 0.007119
0.00780231 0.00710574
0.00778784 0.00709376
0.00774537 0.00705858
0.00772347 0.00704043
0.00770915 0.00702857
0.00767909 0.00700365
0.00765738 0.00698564
0.00763721 0.00696892
0.00792595 0.00720803
0.00792595 0.00720803
0.00790045 0.00718694
0.00790739 0.00719269
0.00790045 0.00718694
0.00790739 0.00719269
0.00790045 0.00718694
0.00790739 0.00719269
0.00792595 0.00720803
0.00792595 0.00720803
0.00790739 0.00719269
0.00790045 0.00718694
0.00775445 0.00706611
0.00775445 0.00706611
0.00780231 0.00710574
0.0077848 0.00709124
0.00780231 0.00710574
0.0077848 0.00709124
0.00785199 0.00714686
0.00782749 0.00712659
0.00782673 0.00712595
0.00780917 0.00711142
0.0078758 0.00716656
0.00788272 0.00717228
0.00782749 0.00712659
0.00785199 0.00714686
0.0078758 0.00716656
0.00788272 0.00717228
0.00782673 0.00712595
0.00780917 0.00711142
0.00782673 0.00712595
0.00780917 0.00711142
0.00785199 0.00714686
0.00782749 0.00712659
0.00788272 0.00717228
0.0078758 0.00716656
0.00780231 0.00710574
0.0077848 0.00709124
0.00775445 0.00706611
0.00775445 0.00706611
0.0077848 0.00709124
0.00780231 0.00710574
0.0078758 0.00716656
0.00788272 0.00717228
0.00782749 0.00712659
0.00785199 0.00714686
0.00780917 0.00711142
0.00782673 0.00712595
0.00793834 0.00721828
0.00793834 0.00721828
0.00794998 0.0072279
0.00794455 0.00722341
0.00794998 0.0072279
0.00794455 0.00722341
0.00783973 0.00713672
0.00785199 0.00714686
0.00788811 0.00717674
0.00788272 0.00717228
0.0078635 0.00715638
0.00784586 0.00714179
0.00785199 0.00714686
0.00783973 0.00713672
0.0078635 0.00715638
0.00784586 0.00714179
0.00788811 0.00717674
0.00788272 0.00717228
0.00788811 0.00717674
0.00788272 0.00717228
0.00783973 0.00713672
0.00785199 0.00714686
0.00784586 0.00714179
0.0078635 0.00715638
0.00794998 0.0072279
0.00794455 0.00722341
0.00793834 0.00721828
0.00793834 0.00721828
0.00794455 0.00722341
0.00794998 0.0072279
0.0078635 0.00715638
0.00784586 0.00714179
0.00785199 0.00714686
0.00783973 0.00713672
0.00788272 0.00717228
0.00788811 0.00717674
0.00771819 0.00703606
0.00771819 0.00703606
0.00765738 0.00698564
0.00767609 0.00700116
0.00765738 0.00698564
0.00767609 0.00700116
0.00781527 0.00711647
0.00782749 0.00712659
0.00779012 0.00709565
0.00780917 0.00711142
0.00776582 0.00707552
0.00777265 0.00708118
0.00782749 0.00712659
0.00781527 0.00711647
0.00776582 0.00707552
0.00777265 0.00708118
0.00779012 0.00709565
0.00780917 0.00711142
0.00781527 0.00711647
0.00783973 0.00713672
0.00782673 0.00712595
0.00784586 0.00714179
0.00777796 0.00708558
0.00777265 0.00708118
0.00771819 0.00703606
0.00775445 0.00706611
0.00776582 0.00707552
0.0077848 0.00709124
0.00769335 0.00701548
0.00767609 0.00700116
0.00792595 0.00720803
0.00793834 0.00721828
0.00793757 0.00721764
0.00794455 0.00722341
0.0079128 0.00719716
0.00790739 0.00719269
0.00783973 0.00713672
0.00781527 0.00711647
0.00777796 0.00708558
0.00777265 0.00708118
0.00782673 0.00712595
0.00784586 0.00714179
0.00793834 0.00721828
0.00792595 0.00720803
0.0079128 0.00719716
0.00790739 0.00719269
0.00793757 0.00721764
0.00794455 0.00722341
0.00775445 0.00706611
0.00771819 0.00703606
0.00769335 0.00701548
0.00767609 0.00700116
0.00776582 0.00707552
0.0077848 0.00709124
0.00776582 0.00707552
0.0077848 0.00709124
0.00771819 0.00703606
0.00775445 0.00706611
0.00767609 0.00700116
0.00769335 0.00701548
0.00782673 0.00712595
0.00784586 0.00714179
0.00781527 0.00711647
0.00783973 0.00713672
0.00777265 0.00708118
0.00777796 0.00708558
0.00793757 0.00721764
0.00794455 0.00722341
0.00792595 0.00720803
0.00793834 0.00721828
0.00790739 0.00719269
0.0079128 0.00719716
0.00779012 0.00709565
0.00780917 0.00711142
0.00781527 0.00711647
0.00782749 0.00712659
0.00777265 0.00708118
0.00776582 0.00707552
0.00765738 0.00698564
0.00767609 0.00700116
0.00771819 0.00703606
0.00771819 0.00703606
0.00767609 0.00700116
0.00765738 0.00698564
0.00776582 0.00707552
0.00777265 0.00708118
0.00782749 0.00712659
0.00781527 0.00711647
0.00780917 0.00711142
0.00779012 0.00709565
0.0079128 0.00719716
0.00790739 0.00719269
0.00793834 0.00721828
0.00792595 0.00720803
0.00794455 0.00722341
0.00793757 0.00721764
0.00777796 0.00708558
0.00777265 0.00708118
0.00783973 0.00713672
0.00781527 0.00711647
0.00784586 0.00714179
0.00782673 0.00712595
0.00769335 0.00701548
0.00767609 0.00700116
0.00775445 0.00706611
0.00771819 0.00703606
0.0077848 0.00709124
0.00776582 0.00707552
0.00787041 0.0071621
0.00787041 0.0071621
0.00788888 0.00717738
0.00788888 0.00717738
0.00790122 0.00718758
0.00791899 0.00720227
0.00790739 0.00719269
0.00793137 0.00721251
0.00790122 0.00718758
0.00793137 0.00721251
0.00791899 0.00720227
0.00790739 0.00719269
0.00791899 0.00720227
0.00790739 0.00719269
0.00790122 0.00718758
0.00793137 0.00721251
0.00788888 0.00717738
0.00787041 0.0071621
0.00787041 0.0071621
0.00788888 0.00717738
0.00793137 0.00721251
0.00790122 0.00718758
0.00790739 0.00719269
0.00791899 0.00720227
0.00784586 0.00714179
0.00784586 0.00714179
0.00781527 0.00711647
0.00781527 0.00711647
0.00777872 0.00708621
0.00772347 0.00704043
0.0077363 0.00705107
0.00773554 0.00705044
0.00777872 0.00708621
0.00773554 0.00705044
0.00772347 0.00704043
0.0077363 0.00705107
0.00784586 0.00714179
0.00787041 0.0071621
0.00788888 0.00717738
0.00781527 0.00711647
0.00790122 0.00718758
0.00789428 0.00718184
0.00790739 0.00719269
0.00785736 0.0071513
0.00777872 0.00708621
0.0078084 0.00711079
0.00774764 0.00706046
0.0077363 0.00705107
0.00787041 0.0071621
0.00784586 0.00714179
0.00781527 0.00711647
0.00788888 0.00717738
0.00777872 0.00708621
0.00774764 0.00706046
0.0077363 0.00705107
0.0078084 0.00711079
0.00790122 0.00718758
0.00785736 0.0071513
0.00789428 0.00718184
0.00790739 0.00719269
0.00789428 0.00718184
0.00790739 0.00719269
0.00790122 0.00718758
0.00785736 0.0071513
0.00788888 0.00717738
0.00784586 0.00714179
0.00787041 0.0071621
0.00781527 0.00711647
0.0078084 0.00711079
0.00777872 0.00708621
0.0077363 0.00705107
0.00774764 0.00706046
0.00772347 0.00704043
0.0077363 0.00705107
0.00777872 0.00708621
0.00773554 0.00705044
0.00781527 0.00711647
0.00784586 0.00714179
0.00784586 0.00714179
0.00781527 0.00711647
0.00773554 0.00705044
0.00777872 0.00708621
0.0077363 0.00705107
0.00772347 0.00704043
0.00774764 0.00706046
0.0077363 0.00705107
0.00777872 0.00708621
0.0078084 0.00711079
0.00781527 0.00711647
0.00787041 0.0071621
0.00784586 0.00714179
0.00788888 0.00717738
0.00785736 0.0071513
0.00790122 0.00718758
0.00790739 0.00719269
0.00789428 0.00718184
0.00795697 0.00723367
0.00795697 0.00723367
0.00795076 0.00722854
0.00795076 0.00722854
0.00793834 0.00721828
0.00791976 0.00720291
0.00793834 0.00721828
0.00791976 0.00720291
0.00789505 0.00718248
0.00786427 0.00715702
0.00782749 0.00712659
0.00778404 0.00709061
0.0077848 0.00709124
0.00782061 0.00712089
0.00784509 0.00714115
0.00785736 0.0071513
0.00789505 0.00718248
0.00786427 0.00715702
0.00785736 0.0071513
0.00784509 0.00714115
0.00782749 0.00712659
0.00782061 0.00712089
0.00778404 0.00709061
0.0077848 0.00709124
0.00778404 0.00709061
0.0077848 0.00709124
0.00782749 0.00712659
0.00782061 0.00712089
0.00786427 0.00715702
0.00789505 0.00718248
0.00784509 0.00714115
0.00785736 0.0071513
0.00791976 0.00720291
0.00793834 0.00721828
0.00795076 0.00722854
0.00795697 0.00723367
0.00795697 0.00723367
0.00795076 0.00722854
0.00793834 0.00721828
0.00791976 0.00720291
0.00785736 0.0071513
0.00784509 0.00714115
0.00789505 0.00718248
0.00786427 0.00715702
0.00782061 0.00712089
0.00782749 0.00712659
0.0077848 0.00709124
0.00778404 0.00709061
0.00759259 0.0069319
0.00759259 0.0069319
0.00763423 0.00696644
0.00763423 0.00696644
0.0076701 0.00699619
0.00770012 0.00702108
0.0076701 0.00699619
0.00770012 0.00702108
0.00772422 0.00704106
0.00774234 0.00705608
0.00775445 0.00706611
0.00776051 0.00707113
0.00772422 0.00704106
0.00774234 0.00705608
0.00775445 0.00706611
0.00776051 0.00707113
0.00776051 0.00707113
0.00775445 0.00706611
0.00774234 0.00705608
0.00772422 0.00704106
0.00770012 0.00702108
0.0076701 0.00699619
0.00763423 0.00696644
0.00761561 0.006951
0.00759259 0.0069319
0.00769937 0.00702046
0.00777189 0.00708055
0.00783284 0.00713102
0.00788195 0.00717165
0.00791899 0.00720227
0.00794377 0.00722276
0.00795619 0.00723303
0.00776051 0.00707113
0.00775445 0.00706611
0.00774234 0.00705608
0.00772422 0.00704106
0.00795619 0.00723303
0.00794377 0.00722276
0.00791899 0.00720227
0.00788195 0.00717165
0.00770012 0.00702108
0.0076701 0.00699619
0.00783284 0.00713102
0.00777189 0.00708055
0.00763423 0.00696644
0.00769937 0.00702046
0.00761561 0.006951
0.00759259 0.0069319
0.00759259 0.0069319
0.00763423 0.00696644
0.0076701 0.00699619
0.00770012 0.00702108
0.00772422 0.00704106
0.00774234 0.00705608
0.00775445 0.00706611
0.00776051 0.00707113
0.00776051 0.00707113
0.00775445 0.00706611
0.00774234 0.00705608
0.00772422 0.00704106
0.00770012 0.00702108
0.0076701 0.00699619
0.00763423 0.00696644
0.00759259 0.0069319
0.00759259 0.0069319
0.00763423 0.00696644
0.0076701 0.00699619
0.00770012 0.00702108
0.00772422 0.00704106
0.00774234 0.00705608
0.00775445 0.00706611
0.00776051 0.00707113
0.00776051 0.00707113
0.00775445 0.00706611
0.00774234 0.00705608
0.00772422 0.00704106
0.00770012 0.00702108
0.0076701 0.00699619
0.00763423 0.00696644
0.00759259 0.0069319
