0.0069412
0.0141501
0.013898
0.00596257
0.0437911
0.0213126
0.0214378
0.0216234
0.0201103
0.0431895
0.0435909
0.0434016
0.0431456
0.042227
0.0437552
0.0212003
0.0212322
0.0435735
0.0214467
0.0431408
0.0211831
0.0208113
0.0203688
0.0191333
0.0217233
0.0436055
0.0433583
0.0434391
0.0432829
0.0435669
0.0427489
0.0425518
0.0428951
0.0428454
0.0433537
0.0433042
0.0436418
0.0429834
0.0433209
0.0427868
0.0428704
0.0424779
0.0434228
0.040523
0.0395969
0.0415742
0.0436917
0.0437218
0.043348
0.0437534
0.0436447
0.043015
0.0430605
0.0431453
0.0432993
0.0428799
0.0435768
0.0437367
0.0438235
0.0419594
0.0413093
0.0210522
0.0210598
0.0213587
0.0212871
0.0214679
0.0431213
0.0213713
0.0437939
0.0212774
0.0435715
0.042505
0.021032
0.0210624
0.0204946
0.0196568
0.0192381
0.0185415
0.021155
0.0218056
0.0213873
0.0434261
0.0435382
0.0434941
0.0432314
0.0430469
0.0434395
0.0428975
0.0427141
0.0427348
0.0435017
0.0435141
0.0433422
0.0430798
0.0428998
0.0431644
0.0430252
0.0431772
0.0426895
0.0406725
0.0410835
0.0400776
0.0435985
0.043546
0.04372
0.0437263
0.0436409
0.043692
0.0432363
0.0430532
0.0431985
0.043397
0.0433081
0.0432346
0.0433004
0.0434589
0.0430966
0.0437624
0.0438079
0.0436658
0.0421111
0.0423871
0.0416511
0.0421541
0.0423589
0.0423463
0.0428379
0.0429511
0.043032
0.0427391
0.0429458
0.0428082
0.0431458
0.0431608
0.0433392
0.0430485
0.042956
0.043239
0.0437255
0.0437368
0.0437892
0.0428312
0.0430371
0.0427782
0.0435094
0.0436172
0.0434524
0.0424429
0.042645
0.0422745
0.0426812
0.0425011
0.0430215
0.0417721
0.0414641
0.0422348
0.043678
0.0436088
0.0437803
0.0403367
0.0398917
0.0409335
0.0383459
0.0377611
0.0390809
0.0423073
0.0419965
0.042632
0.043754
0.0437845
0.0436371
0.0437156
0.043638
0.0436966
0.0429722
0.0430986
0.0426484
0.0432897
0.0433263
0.0436258
0.0435274
0.0435306
0.0433956
0.0433861
0.0429625
0.0428318
0.042504
0.0435884
0.0436894
0.0430579
0.0430291
0.042508
0.042639
0.0425414
0.0427012
0.0434627
0.0436283
0.0435004
0.0436292
0.0431501
0.0431129
0.0432349
0.0429655
0.0426954
0.0425835
0.043219
0.0433766
0.0428434
0.0432987
0.0433
0.0435183
0.0422901
0.0420473
0.0402265
0.041197
0.0414599
0.0419173
0.0394115
0.0388962
0.0436246
0.0434247
0.0434673
0.0432454
0.0437885
0.0437657
0.0437862
0.0437287
0.0435356
0.0436883
0.0432431
0.0428465
0.0428541
0.0431294
0.0434612
0.0431949
0.0430404
0.0431055
0.0431121
0.043445
0.04368
0.0425855
0.0438029
0.0438264
0.0438174
0.0435117
0.0418022
0.0426309
0.0411225
0.0407468
0.0209552
0.0209569
0.0211516
0.0211339
0.0213012
0.0214043
0.0212514
0.0213075
0.0214591
0.0214638
0.021416
0.0428045
0.0213119
0.043377
0.0437121
0.0438199
0.0213025
0.0212375
0.043708
0.0433822
0.0211145
0.042848
0.0421131
0.0209364
0.0211637
0.020945
0.0206613
0.020311
0.0198923
0.0194038
0.0188457
0.0185434
0.0182219
0.0198473
0.0208036
0.0214268
0.0217486
0.0217967
0.0215865
0.0211267
0.043523
0.0434641
0.0434852
0.0432614
0.0433429
0.0431429
0.0427313
0.0428201
0.0428086
0.0434353
0.043426
0.0435112
0.0430386
0.0431258
0.0429929
0.0429521
0.0428653
0.0431049
0.0406024
0.0403839
0.0408824
0.0436489
0.0436659
0.0435755
0.0436733
0.0437131
0.0436868
0.0431326
0.0432213
0.0431477
0.0432782
0.0433197
0.0433556
0.0432959
0.043206
0.0433833
0.0437537
0.0437212
0.0437886
0.0420397
0.0418896
0.0422531
0.0423593
0.042254
0.0422592
0.0429985
0.0429388
0.0428975
0.0428838
0.0427775
0.0428453
0.0432571
0.0432465
0.0431565
0.043105
0.0431479
0.0430058
0.04377
0.0437614
0.0437344
0.0429142
0.0428084
0.0429371
0.0435414
0.0434847
0.0435664
0.0424659
0.0423621
0.0425471
0.0427801
0.0428592
0.042595
0.0418702
0.0420119
0.0416223
0.0437115
0.0437362
0.0436468
0.0404344
0.0406439
0.0401186
0.0384424
0.0387221
0.0380577
0.0423342
0.0424777
0.042156
0.0437268
0.0437022
0.0437725
0.0436838
0.0437129
0.0436803
0.0428889
0.0428165
0.0430386
0.0433148
0.0433802
0.0433609
0.0435397
0.0435806
0.0435851
0.0434517
0.0435163
0.0434662
0.0431928
0.0431047
0.0433125
0.0427947
0.0426759
0.0429432
0.0435818
0.0435212
0.0436425
0.0430503
0.0429672
0.0429806
0.0426833
0.0425774
0.0426138
0.0427248
0.0426419
0.0426241
0.0435527
0.0435691
0.0434856
0.0435787
0.0435689
0.0435105
0.0432348
0.0432502
0.0431348
0.0431066
0.0430263
0.0431605
0.0427481
0.0426431
0.0428006
0.0432771
0.0431955
0.0433009
0.0430897
0.0431697
0.0429381
0.0433656
0.0434166
0.0432422
0.0423883
0.0424979
0.0421727
0.0407335
0.0409435
0.0404539
0.0415216
0.0416971
0.041276
0.0395088
0.0397534
0.0391582
0.0435405
0.0435181
0.0436149
0.0434114
0.0433629
0.0435099
0.0437591
0.0437609
0.0437804
0.0437642
0.0437314
0.0437594
0.043595
0.043537
0.0435889
0.0436971
0.0436629
0.0436602
0.0433261
0.0432436
0.043319
0.0429603
0.0428541
0.0429528
0.0432509
0.0431679
0.0432125
0.0435013
0.0434662
0.0434322
0.0433241
0.0432646
0.0432545
0.043177
0.0431414
0.043076
0.0432964
0.04338
0.04321
0.0435867
0.0436413
0.0435273
0.0428602
0.042972
0.0427126
0.0437629
0.0437896
0.0437294
0.043829
0.0438288
0.0438205
0.0435435
0.043596
0.0434525
0.0421735
0.0423158
0.0419608
0.0426943
0.0428047
0.042513
0.0412204
0.0413955
0.0409389
0.0419362
0.0420466
0.0420435
0.0423449
0.0424332
0.0424529
0.0423199
0.042431
0.0423967
0.0426639
0.0427292
0.0427724
0.04289
0.0429316
0.0429988
0.0430518
0.0431174
0.0431294
0.0425812
0.0426929
0.0426273
0.0429942
0.0430832
0.0430405
0.0427193
0.0428312
0.0427346
0.04302
0.0430371
0.0431288
0.0430504
0.0430419
0.0431587
0.0434072
0.0434238
0.043484
0.0429765
0.0429411
0.0430842
0.0427919
0.0427272
0.0428989
0.0433582
0.0433219
0.0434331
0.0436657
0.0436814
0.0437101
0.0436896
0.0436792
0.0437327
0.0437946
0.0438089
0.0438066
0.0427346
0.0428464
0.0427194
0.0431467
0.0432349
0.0431311
0.0426291
0.0427405
0.0425842
0.0434628
0.0435264
0.0434461
0.0436796
0.043718
0.0436615
0.0433502
0.0434124
0.043303
0.0424061
0.0425167
0.0423326
0.0428116
0.0428974
0.0427367
0.042071
0.0421801
0.0419707
0.0425736
0.0424876
0.0427601
0.0421833
0.0420659
0.0423995
0.0432259
0.0431684
0.0433507
0.0416653
0.0415153
0.0419138
0.0410155
0.040832
0.0412975
0.0425588
0.0424411
0.0427411
0.0436361
0.0436054
0.0437023
0.0434715
0.0434127
0.0435638
0.0438158
0.0438103
0.0438257
0.0402298
0.0400117
0.0405461
0.039305
0.0390518
0.039656
0.0413892
0.0412054
0.0416353
0.0382401
0.0379522
0.0386254
0.0370388
0.0367186
0.0374561
0.0396757
0.0394219
0.0399903
0.0422716
0.0421206
0.0424505
0.0416177
0.0414333
0.0418286
0.0428909
0.0427705
0.0430066
0.0437735
0.0437925
0.043729
0.04381
0.0438025
0.0437898
0.0435157
0.0435588
0.0434183
0.0437395
0.0437047
0.0437441
0.0435586
0.0434958
0.0435887
0.0436768
0.0436669
0.0436277
0.0430483
0.0431152
0.0428994
0.0432773
0.0433184
0.0431522
0.0423776
0.0424679
0.0421793
0.0435758
0.0435529
0.043399
0.0434293
0.0434394
0.0434926
0.0431725
0.0433649
0.043417
0.0435068
0.043009
0.0429058
0.0426368
0.0426461
0.0429031
0.0428178
0.0428783
0.0427836
0.0434379
0.0433512
0.0434102
0.0433266
0.0435789
0.0435821
0.0429453
0.043077
0.0432068
0.0432457
0.0429397
0.042847
0.0430316
0.0427838
0.0427708
0.0425876
0.0432422
0.0433075
0.0408121
0.0403047
0.0401567
0.0398416
0.0411448
0.0413375
0.0436254
0.0437092
0.0436762
0.0437243
0.0434891
0.0434535
0.0436272
0.0436519
0.0437467
0.0437259
0.0436923
0.0436468
0.0430379
0.0431097
0.0433041
0.0432814
0.0431551
0.0430607
0.0432306
0.043193
0.0433551
0.04327
0.0434249
0.0433775
0.0433783
0.0431935
0.0431086
0.0429921
0.0434561
0.043525
0.0437793
0.0437047
0.0436817
0.0436198
0.0438095
0.0438226
0.0421816
0.0418094
0.0417312
0.0414845
0.04245
0.0425761
0.0424591
0.0424518
0.0421432
0.0422354
0.0421516
0.0422511
0.0430521
0.0430917
0.0428733
0.0429665
0.0427887
0.0428423
0.0429843
0.0429145
0.0426656
0.0426963
0.042799
0.0428995
0.0432613
0.0433496
0.0432296
0.0433224
0.0430479
0.0430524
0.043055
0.043196
0.0431837
0.0432751
0.0428986
0.0428489
0.043772
0.0437974
0.0437464
0.0437745
0.0436907
0.0436934
0.043014
0.0428838
0.0426968
0.0426666
0.0429525
0.0430526
0.0435917
0.0435086
0.0434217
0.0433897
0.0435838
0.0436348
0.0425635
0.0423778
0.0422522
0.0421649
0.0426212
0.0427195
0.0426937
0.0429496
0.0429309
0.0430861
0.042394
0.0422926
0.0417203
0.0421012
0.0421454
0.0423603
0.0413571
0.0411905
0.0436799
0.0437619
0.0437542
0.043792
0.0435677
0.0435231
0.0402162
0.0407326
0.0408447
0.0411257
0.0397849
0.0395493
0.038154
0.0388097
0.0389932
0.0393433
0.0376559
0.0373514
0.0421826
0.0424962
0.0426131
0.0427599
0.0419613
0.0417938
0.0437448
0.0436677
0.0436712
0.0436001
0.0438049
0.0438108
0.0436479
0.0436738
0.0437351
0.0437126
0.0436631
0.0436144
0.0429549
0.0427266
0.0427378
0.0425638
0.0431757
0.0432297
0.0432435
0.0432609
0.0433857
0.0433279
0.0434863
0.0436153
0.0435623
0.0436225
0.0433809
0.0435748
0.0434728
0.0434025
0.0432734
0.0430578
0.0428596
0.0434839
0.0426304
0.0425492
0.0423695
0.043076
0.0436353
0.0434534
0.0436888
0.0437293
0.0431276
0.0431122
0.0429401
0.0429804
0.042745
0.0424659
0.0425274
0.0425367
0.042802
0.0425534
0.0425158
0.0425927
0.0435296
0.0436116
0.0436384
0.0433876
0.0436388
0.0435527
0.0436133
0.0434341
0.0432126
0.043259
0.0430268
0.0430051
0.0431807
0.0430455
0.0428793
0.0432816
0.0426882
0.042532
0.0424726
0.0428459
0.0433525
0.0431078
0.043317
0.0433929
0.0430023
0.0432258
0.0433644
0.0426687
0.0434741
0.0434605
0.0435556
0.0431036
0.0422709
0.0425996
0.0419405
0.041807
0.0405148
0.0409956
0.0413899
0.0399206
0.0417499
0.0418643
0.0420763
0.0410131
0.0392554
0.0399892
0.03879
0.0385193
0.0435563
0.0434532
0.0433896
0.0436798
0.0433
0.0433079
0.0431845
0.0435954
0.0437504
0.0437562
0.0437883
0.0437673
0.0437906
0.0437611
0.0436899
0.0437738
0.0435933
0.0434717
0.0437249
0.0436437
0.0433254
0.0431548
0.0429602
0.0427422
0.0427422
0.0429375
0.043079
0.0431663
0.0435301
0.0433843
0.0431991
0.043177
0.0432064
0.0430998
0.0429672
0.0429967
0.0432055
0.0433683
0.0435145
0.0430036
0.0436319
0.0437211
0.0427406
0.0424144
0.0437825
0.0438166
0.0438238
0.0438219
0.0438045
0.0437982
0.0436415
0.0433467
0.042023
0.0415644
0.0429073
0.0423153
0.0410369
0.0415621
0.0406399
0.0404392
0.020901
0.0209013
0.0210098
0.0210056
0.0211071
0.0211933
0.0210949
0.021169
0.0212681
0.0213314
0.021383
0.0214226
0.0212278
0.0212712
0.0212992
0.0213119
0.02145
0.0214651
0.0214675
0.0214569
0.0214331
0.0213955
0.0213436
0.0426223
0.0212763
0.0429707
0.0432566
0.0434825
0.0436499
0.04376
0.0438138
0.0438123
0.0213094
0.0212918
0.0212593
0.0212121
0.0437563
0.0436464
0.0434834
0.043268
0.0211506
0.021075
0.0430008
0.0426827
0.0209858
0.042315
0.0419
0.020884
0.0212084
0.0211151
0.0210057
0.0208802
0.0207384
0.02058
0.0204049
0.0202128
0.0200035
0.0197767
0.0195324
0.0192707
0.0189916
0.0186956
0.0183835
0.0181671
0.018057
0.0189011
0.0195537
0.020119
0.0205969
0.0209895
0.0213005
0.0215342
0.0216947
0.0217855
0.0218093
0.021768
0.0216628
0.0214946
0.0212645
0.0209744
