0 0 1.5
0 1010 -0.25
0 1009 -0.25
1 1033 -0.25
1 1 4
1 1032 -0.5
1 1057 -1.25
2 1056 -0.25
2 1055 -0.5
2 2 2
2 1088 0.75
3 1073 -1.25
3 3 1.5
3 1072 0.75
4 4 9
4 962 -0.5
4 961 -0.5
4 997 -2.5
4 996 1.5
4 1040 -0.5
4 1045 -0.5
5 973 -0.5
5 5 3.5
5 972 0.5
5 1024 -0.25
5 1041 -0.25
6 984 -0.5
6 983 0.5
6 6 3.5
6 1020 -0.25
6 1025 -0.25
7 7 5.5
7 986 -2.5
7 985 -1.5
7 1080 0.75
7 1081 0.75
8 1008 -1.5
8 1007 1.5
8 8 5.5
8 1064 -1.25
8 1065 -1.25
9 9 7
9 866 -0.5
9 865 -0.5
9 890 -0.5
9 889 -0.5
9 976 0.5
9 979 0.5
10 871 -0.5
10 10 7
10 870 0.5
10 907 -0.5
10 906 0.5
10 968 -0.5
10 977 -0.5
11 876 -0.5
11 875 0.5
11 11 7
11 924 -0.5
11 923 0.5
11 966 -0.5
11 969 -0.5
12 12 11
12 878 -2.5
12 877 -1.5
12 926 -2.5
12 925 -1.5
12 1000 1.5
12 1003 1.5
13 883 -2.5
13 13 11
13 882 1.5
13 943 -2.5
13 942 1.5
13 992 -1.5
13 1001 -1.5
14 888 -1.5
14 887 1.5
14 14 11
14 960 -1.5
14 959 1.5
14 990 -2.5
14 993 -2.5
15 895 -0.5
15 15 3.5
15 894 0.5
15 1016 -0.25
15 1021 -0.25
16 900 -0.5
16 899 0.5
16 16 3.5
16 1014 -0.25
16 1017 -0.25
17 17 9
17 902 -0.5
17 901 -0.5
17 931 -2.5
17 930 1.5
17 1036 -0.5
17 1037 -0.5
18 912 -0.5
18 911 0.5
18 18 3.5
18 1028 -0.25
18 1029 -0.25
19 19 9
19 914 -0.5
19 913 -0.5
19 955 -2.5
19 954 1.5
19 1048 -0.5
19 1051 -0.5
20 919 -0.5
20 20 3.5
20 918 0.5
20 1044 -0.25
20 1049 -0.25
21 936 -1.5
21 935 1.5
21 21 5.5
21 1060 -1.25
21 1061 -1.25
22 22 5.5
22 938 -2.5
22 937 -1.5
22 1076 0.75
22 1077 0.75
23 948 -1.5
23 947 1.5
23 23 5.5
23 1068 -1.25
23 1069 -1.25
24 24 5.5
24 950 -2.5
24 949 -1.5
24 1084 0.75
24 1085 0.75
25 25 7
25 674 -0.5
25 673 -0.5
25 722 -0.5
25 721 -0.5
25 872 0.5
25 874 0.5
26 676 -0.5
26 26 7
26 675 0.5
26 730 -0.5
26 729 0.5
26 868 -0.5
26 873 -0.5
27 678 -0.5
27 677 0.5
27 27 7
27 738 -0.5
27 737 0.5
27 867 -0.5
27 869 -0.5
28 28 11
28 680 -2.5
28 679 -1.5
28 740 -2.5
28 739 -1.5
28 884 1.5
28 886 1.5
29 682 -2.5
29 29 11
29 681 1.5
29 748 -2.5
29 747 1.5
29 880 -1.5
29 885 -1.5
30 684 -1.5
30 683 1.5
30 30 11
30 756 -1.5
30 755 1.5
30 879 -2.5
30 881 -2.5
31 31 7
31 686 -0.5
31 685 -0.5
31 758 -0.5
31 757 -0.5
31 896 0.5
31 898 0.5
32 688 -0.5
32 32 7
32 687 0.5
32 766 -0.5
32 765 0.5
32 892 -0.5
32 897 -0.5
33 690 -0.5
33 689 0.5
33 33 7
33 774 -0.5
33 773 0.5
33 891 -0.5
33 893 -0.5
34 34 7
34 692 -0.5
34 691 -0.5
34 776 -0.5
34 775 -0.5
34 908 0.5
34 910 0.5
35 694 -0.5
35 35 7
35 693 0.5
35 784 -0.5
35 783 0.5
35 904 -0.5
35 909 -0.5
36 696 -0.5
36 695 0.5
36 36 7
36 792 -0.5
36 791 0.5
36 903 -0.5
36 905 -0.5
37 37 7
37 698 -0.5
37 697 -0.5
37 794 -0.5
37 793 -0.5
37 920 0.5
37 922 0.5
38 700 -0.5
38 38 7
38 699 0.5
38 802 -0.5
38 801 0.5
38 916 -0.5
38 921 -0.5
39 702 -0.5
39 701 0.5
39 39 7
39 810 -0.5
39 809 0.5
39 915 -0.5
39 917 -0.5
40 40 11
40 704 -2.5
40 703 -1.5
40 812 -2.5
40 811 -1.5
40 932 1.5
40 934 1.5
41 706 -2.5
41 41 11
41 705 1.5
41 820 -2.5
41 819 1.5
41 928 -1.5
41 933 -1.5
42 708 -1.5
42 707 1.5
42 42 11
42 828 -1.5
42 827 1.5
42 927 -2.5
42 929 -2.5
43 43 11
43 710 -2.5
43 709 -1.5
43 830 -2.5
43 829 -1.5
43 944 1.5
43 946 1.5
44 712 -2.5
44 44 11
44 711 1.5
44 838 -2.5
44 837 1.5
44 940 -1.5
44 945 -1.5
45 714 -1.5
45 713 1.5
45 45 11
45 846 -1.5
45 845 1.5
45 939 -2.5
45 941 -2.5
46 46 11
46 716 -2.5
46 715 -1.5
46 848 -2.5
46 847 -1.5
46 956 1.5
46 958 1.5
47 718 -2.5
47 47 11
47 717 1.5
47 856 -2.5
47 855 1.5
47 952 -1.5
47 957 -1.5
48 720 -1.5
48 719 1.5
48 48 11
48 864 -1.5
48 863 1.5
48 951 -2.5
48 953 -2.5
49 724 -0.5
49 49 7
49 723 0.5
49 790 -0.5
49 789 0.5
49 964 -0.5
49 967 -0.5
50 726 -0.5
50 725 0.5
50 50 7
50 804 -0.5
50 803 0.5
50 963 -0.5
50 965 -0.5
51 51 7
51 728 -0.5
51 727 -0.5
51 770 -0.5
51 769 -0.5
51 974 0.5
51 975 0.5
52 732 -0.5
52 731 0.5
52 52 7
52 798 -0.5
52 797 0.5
52 970 -0.5
52 971 -0.5
53 53 7
53 734 -0.5
53 733 -0.5
53 764 -0.5
53 763 -0.5
53 980 0.5
53 982 0.5
54 736 -0.5
54 54 7
54 735 0.5
54 778 -0.5
54 777 0.5
54 978 -0.5
54 981 -0.5
55 742 -2.5
55 55 11
55 741 1.5
55 844 -2.5
55 843 1.5
55 988 -1.5
55 991 -1.5
56 744 -1.5
56 743 1.5
56 56 11
56 858 -1.5
56 857 1.5
56 987 -2.5
56 989 -2.5
57 57 11
57 746 -2.5
57 745 -1.5
57 824 -2.5
57 823 -1.5
57 998 1.5
57 999 1.5
58 750 -1.5
58 749 1.5
58 58 11
58 852 -1.5
58 851 1.5
58 994 -2.5
58 995 -2.5
59 59 11
59 752 -2.5
59 751 -1.5
59 818 -2.5
59 817 -1.5
59 1004 1.5
59 1006 1.5
60 754 -2.5
60 60 11
60 753 1.5
60 832 -2.5
60 831 1.5
60 1002 -1.5
60 1005 -1.5
61 760 -0.5
61 61 3.5
61 759 0.5
61 1012 -0.25
61 1015 -0.25
62 762 -0.5
62 761 0.5
62 62 3.5
62 1011 -0.25
62 1013 -0.25
63 768 -0.5
63 767 0.5
63 63 3.5
63 1018 -0.25
63 1019 -0.25
64 772 -0.5
64 64 3.5
64 771 0.5
64 1022 -0.25
64 1023 -0.25
65 780 -0.5
65 779 0.5
65 65 3.5
65 1026 -0.25
65 1027 -0.25
66 66 9
66 782 -0.5
66 781 -0.5
66 814 -2.5
66 813 1.5
66 1034 -0.5
66 1035 -0.5
67 786 -0.5
67 785 0.5
67 67 3.5
67 1030 -0.25
67 1031 -0.25
68 68 9
68 788 -0.5
68 787 -0.5
68 826 -2.5
68 825 1.5
68 1038 -0.5
68 1039 -0.5
69 796 -0.5
69 69 3.5
69 795 0.5
69 1042 -0.25
69 1043 -0.25
70 70 9
70 800 -0.5
70 799 -0.5
70 850 -2.5
70 849 1.5
70 1046 -0.5
70 1047 -0.5
71 71 9
71 806 -0.5
71 805 -0.5
71 862 -2.5
71 861 1.5
71 1052 -0.5
71 1054 -0.5
72 808 -0.5
72 72 3.5
72 807 0.5
72 1050 -0.25
72 1053 -0.25
73 816 -1.5
73 815 1.5
73 73 5.5
73 1058 -1.25
73 1059 -1.25
74 822 -1.5
74 821 1.5
74 74 5.5
74 1062 -1.25
74 1063 -1.25
75 834 -1.5
75 833 1.5
75 75 5.5
75 1066 -1.25
75 1067 -1.25
76 76 5.5
76 836 -2.5
76 835 -1.5
76 1074 0.75
76 1075 0.75
77 840 -1.5
77 839 1.5
77 77 5.5
77 1070 -1.25
77 1071 -1.25
78 78 5.5
78 842 -2.5
78 841 -1.5
78 1078 0.75
78 1079 0.75
79 79 5.5
79 854 -2.5
79 853 -1.5
79 1082 0.75
79 1083 0.75
80 80 5.5
80 860 -2.5
80 859 -1.5
80 1086 0.75
80 1087 0.75
81 81 7
81 291 -0.5
81 290 -0.5
81 387 -0.5
81 386 -0.5
81 675 0.5
81 677 0.5
82 291 -0.5
82 82 7
82 289 0.5
82 390 -0.5
82 388 0.5
82 673 -0.5
82 678 -0.5
83 290 -0.5
83 289 0.5
83 83 7
83 392 -0.5
83 391 0.5
83 674 -0.5
83 676 -0.5
84 84 11
84 294 -2.5
84 293 -1.5
84 396 -2.5
84 395 -1.5
84 681 1.5
84 683 1.5
85 294 -2.5
85 85 11
85 292 1.5
85 399 -2.5
85 397 1.5
85 679 -1.5
85 684 -1.5
86 293 -1.5
86 292 1.5
86 86 11
86 401 -1.5
86 400 1.5
86 680 -2.5
86 682 -2.5
87 87 7
87 297 -0.5
87 296 -0.5
87 405 -0.5
87 404 -0.5
87 687 0.5
87 689 0.5
88 297 -0.5
88 88 7
88 295 0.5
88 408 -0.5
88 406 0.5
88 685 -0.5
88 690 -0.5
89 296 -0.5
89 295 0.5
89 89 7
89 410 -0.5
89 409 0.5
89 686 -0.5
89 688 -0.5
90 90 7
90 300 -0.5
90 299 -0.5
90 414 -0.5
90 413 -0.5
90 693 0.5
90 695 0.5
91 300 -0.5
91 91 7
91 298 0.5
91 417 -0.5
91 415 0.5
91 691 -0.5
91 696 -0.5
92 299 -0.5
92 298 0.5
92 92 7
92 419 -0.5
92 418 0.5
92 692 -0.5
92 694 -0.5
93 93 7
93 303 -0.5
93 302 -0.5
93 423 -0.5
93 422 -0.5
93 699 0.5
93 701 0.5
94 303 -0.5
94 94 7
94 301 0.5
94 426 -0.5
94 424 0.5
94 697 -0.5
94 702 -0.5
95 302 -0.5
95 301 0.5
95 95 7
95 428 -0.5
95 427 0.5
95 698 -0.5
95 700 -0.5
96 96 11
96 306 -2.5
96 305 -1.5
96 432 -2.5
96 431 -1.5
96 705 1.5
96 707 1.5
97 306 -2.5
97 97 11
97 304 1.5
97 435 -2.5
97 433 1.5
97 703 -1.5
97 708 -1.5
98 305 -1.5
98 304 1.5
98 98 11
98 437 -1.5
98 436 1.5
98 704 -2.5
98 706 -2.5
99 99 11
99 309 -2.5
99 308 -1.5
99 441 -2.5
99 440 -1.5
99 711 1.5
99 713 1.5
100 309 -2.5
100 100 11
100 307 1.5
100 444 -2.5
100 442 1.5
100 709 -1.5
100 714 -1.5
101 308 -1.5
101 307 1.5
101 101 11
101 446 -1.5
101 445 1.5
101 710 -2.5
101 712 -2.5
102 102 11
102 312 -2.5
102 311 -1.5
102 450 -2.5
102 449 -1.5
102 717 1.5
102 719 1.5
103 312 -2.5
103 103 11
103 310 1.5
103 453 -2.5
103 451 1.5
103 715 -1.5
103 720 -1.5
104 311 -1.5
104 310 1.5
104 104 11
104 455 -1.5
104 454 1.5
104 716 -2.5
104 718 -2.5
105 105 7
105 315 -0.5
105 314 -0.5
105 459 -0.5
105 458 -0.5
105 723 0.5
105 725 0.5
106 315 -0.5
106 106 7
106 313 0.5
106 462 -0.5
106 460 0.5
106 721 -0.5
106 726 -0.5
107 314 -0.5
107 313 0.5
107 107 7
107 464 -0.5
107 463 0.5
107 722 -0.5
107 724 -0.5
108 108 7
108 318 -0.5
108 317 -0.5
108 468 -0.5
108 467 -0.5
108 729 0.5
108 731 0.5
109 318 -0.5
109 109 7
109 316 0.5
109 471 -0.5
109 469 0.5
109 727 -0.5
109 732 -0.5
110 317 -0.5
110 316 0.5
110 110 7
110 473 -0.5
110 472 0.5
110 728 -0.5
110 730 -0.5
111 111 7
111 321 -0.5
111 320 -0.5
111 477 -0.5
111 476 -0.5
111 735 0.5
111 737 0.5
112 321 -0.5
112 112 7
112 319 0.5
112 480 -0.5
112 478 0.5
112 733 -0.5
112 738 -0.5
113 320 -0.5
113 319 0.5
113 113 7
113 482 -0.5
113 481 0.5
113 734 -0.5
113 736 -0.5
114 114 11
114 324 -2.5
114 323 -1.5
114 486 -2.5
114 485 -1.5
114 741 1.5
114 743 1.5
115 324 -2.5
115 115 11
115 322 1.5
115 489 -2.5
115 487 1.5
115 739 -1.5
115 744 -1.5
116 323 -1.5
116 322 1.5
116 116 11
116 491 -1.5
116 490 1.5
116 740 -2.5
116 742 -2.5
117 117 11
117 327 -2.5
117 326 -1.5
117 495 -2.5
117 494 -1.5
117 747 1.5
117 749 1.5
118 327 -2.5
118 118 11
118 325 1.5
118 498 -2.5
118 496 1.5
118 745 -1.5
118 750 -1.5
119 326 -1.5
119 325 1.5
119 119 11
119 500 -1.5
119 499 1.5
119 746 -2.5
119 748 -2.5
120 120 11
120 330 -2.5
120 329 -1.5
120 504 -2.5
120 503 -1.5
120 753 1.5
120 755 1.5
121 330 -2.5
121 121 11
121 328 1.5
121 507 -2.5
121 505 1.5
121 751 -1.5
121 756 -1.5
122 329 -1.5
122 328 1.5
122 122 11
122 509 -1.5
122 508 1.5
122 752 -2.5
122 754 -2.5
123 123 7
123 333 -0.5
123 332 -0.5
123 513 -0.5
123 512 -0.5
123 759 0.5
123 761 0.5
124 333 -0.5
124 124 7
124 331 0.5
124 516 -0.5
124 514 0.5
124 757 -0.5
124 762 -0.5
125 332 -0.5
125 331 0.5
125 125 7
125 518 -0.5
125 517 0.5
125 758 -0.5
125 760 -0.5
126 126 7
126 336 -0.5
126 335 -0.5
126 522 -0.5
126 521 -0.5
126 765 0.5
126 767 0.5
127 336 -0.5
127 127 7
127 334 0.5
127 525 -0.5
127 523 0.5
127 763 -0.5
127 768 -0.5
128 335 -0.5
128 334 0.5
128 128 7
128 527 -0.5
128 526 0.5
128 764 -0.5
128 766 -0.5
129 129 7
129 339 -0.5
129 338 -0.5
129 531 -0.5
129 530 -0.5
129 771 0.5
129 773 0.5
130 339 -0.5
130 130 7
130 337 0.5
130 534 -0.5
130 532 0.5
130 769 -0.5
130 774 -0.5
131 338 -0.5
131 337 0.5
131 131 7
131 536 -0.5
131 535 0.5
131 770 -0.5
131 772 -0.5
132 132 7
132 342 -0.5
132 341 -0.5
132 540 -0.5
132 539 -0.5
132 777 0.5
132 779 0.5
133 342 -0.5
133 133 7
133 340 0.5
133 543 -0.5
133 541 0.5
133 775 -0.5
133 780 -0.5
134 341 -0.5
134 340 0.5
134 134 7
134 545 -0.5
134 544 0.5
134 776 -0.5
134 778 -0.5
135 135 7
135 345 -0.5
135 344 -0.5
135 549 -0.5
135 548 -0.5
135 783 0.5
135 785 0.5
136 345 -0.5
136 136 7
136 343 0.5
136 552 -0.5
136 550 0.5
136 781 -0.5
136 786 -0.5
137 344 -0.5
137 343 0.5
137 137 7
137 554 -0.5
137 553 0.5
137 782 -0.5
137 784 -0.5
138 138 7
138 348 -0.5
138 347 -0.5
138 558 -0.5
138 557 -0.5
138 789 0.5
138 791 0.5
139 348 -0.5
139 139 7
139 346 0.5
139 561 -0.5
139 559 0.5
139 787 -0.5
139 792 -0.5
140 347 -0.5
140 346 0.5
140 140 7
140 563 -0.5
140 562 0.5
140 788 -0.5
140 790 -0.5
141 141 7
141 351 -0.5
141 350 -0.5
141 567 -0.5
141 566 -0.5
141 795 0.5
141 797 0.5
142 351 -0.5
142 142 7
142 349 0.5
142 570 -0.5
142 568 0.5
142 793 -0.5
142 798 -0.5
143 350 -0.5
143 349 0.5
143 143 7
143 572 -0.5
143 571 0.5
143 794 -0.5
143 796 -0.5
144 144 7
144 354 -0.5
144 353 -0.5
144 576 -0.5
144 575 -0.5
144 801 0.5
144 803 0.5
145 354 -0.5
145 145 7
145 352 0.5
145 579 -0.5
145 577 0.5
145 799 -0.5
145 804 -0.5
146 353 -0.5
146 352 0.5
146 146 7
146 581 -0.5
146 580 0.5
146 800 -0.5
146 802 -0.5
147 147 7
147 357 -0.5
147 356 -0.5
147 585 -0.5
147 584 -0.5
147 807 0.5
147 809 0.5
148 357 -0.5
148 148 7
148 355 0.5
148 588 -0.5
148 586 0.5
148 805 -0.5
148 810 -0.5
149 356 -0.5
149 355 0.5
149 149 7
149 590 -0.5
149 589 0.5
149 806 -0.5
149 808 -0.5
150 150 11
150 360 -2.5
150 359 -1.5
150 594 -2.5
150 593 -1.5
150 813 1.5
150 815 1.5
151 360 -2.5
151 151 11
151 358 1.5
151 597 -2.5
151 595 1.5
151 811 -1.5
151 816 -1.5
152 359 -1.5
152 358 1.5
152 152 11
152 599 -1.5
152 598 1.5
152 812 -2.5
152 814 -2.5
153 153 11
153 363 -2.5
153 362 -1.5
153 603 -2.5
153 602 -1.5
153 819 1.5
153 821 1.5
154 363 -2.5
154 154 11
154 361 1.5
154 606 -2.5
154 604 1.5
154 817 -1.5
154 822 -1.5
155 362 -1.5
155 361 1.5
155 155 11
155 608 -1.5
155 607 1.5
155 818 -2.5
155 820 -2.5
156 156 11
156 366 -2.5
156 365 -1.5
156 612 -2.5
156 611 -1.5
156 825 1.5
156 827 1.5
157 366 -2.5
157 157 11
157 364 1.5
157 615 -2.5
157 613 1.5
157 823 -1.5
157 828 -1.5
158 365 -1.5
158 364 1.5
158 158 11
158 617 -1.5
158 616 1.5
158 824 -2.5
158 826 -2.5
159 159 11
159 369 -2.5
159 368 -1.5
159 621 -2.5
159 620 -1.5
159 831 1.5
159 833 1.5
160 369 -2.5
160 160 11
160 367 1.5
160 624 -2.5
160 622 1.5
160 829 -1.5
160 834 -1.5
161 368 -1.5
161 367 1.5
161 161 11
161 626 -1.5
161 625 1.5
161 830 -2.5
161 832 -2.5
162 162 11
162 372 -2.5
162 371 -1.5
162 630 -2.5
162 629 -1.5
162 837 1.5
162 839 1.5
163 372 -2.5
163 163 11
163 370 1.5
163 633 -2.5
163 631 1.5
163 835 -1.5
163 840 -1.5
164 371 -1.5
164 370 1.5
164 164 11
164 635 -1.5
164 634 1.5
164 836 -2.5
164 838 -2.5
165 165 11
165 375 -2.5
165 374 -1.5
165 639 -2.5
165 638 -1.5
165 843 1.5
165 845 1.5
166 375 -2.5
166 166 11
166 373 1.5
166 642 -2.5
166 640 1.5
166 841 -1.5
166 846 -1.5
167 374 -1.5
167 373 1.5
167 167 11
167 644 -1.5
167 643 1.5
167 842 -2.5
167 844 -2.5
168 168 11
168 378 -2.5
168 377 -1.5
168 648 -2.5
168 647 -1.5
168 849 1.5
168 851 1.5
169 378 -2.5
169 169 11
169 376 1.5
169 651 -2.5
169 649 1.5
169 847 -1.5
169 852 -1.5
170 377 -1.5
170 376 1.5
170 170 11
170 653 -1.5
170 652 1.5
170 848 -2.5
170 850 -2.5
171 171 11
171 381 -2.5
171 380 -1.5
171 657 -2.5
171 656 -1.5
171 855 1.5
171 857 1.5
172 381 -2.5
172 172 11
172 379 1.5
172 660 -2.5
172 658 1.5
172 853 -1.5
172 858 -1.5
173 380 -1.5
173 379 1.5
173 173 11
173 662 -1.5
173 661 1.5
173 854 -2.5
173 856 -2.5
174 174 11
174 384 -2.5
174 383 -1.5
174 666 -2.5
174 665 -1.5
174 861 1.5
174 863 1.5
175 384 -2.5
175 175 11
175 382 1.5
175 669 -2.5
175 667 1.5
175 859 -1.5
175 864 -1.5
176 383 -1.5
176 382 1.5
176 176 11
176 671 -1.5
176 670 1.5
176 860 -2.5
176 862 -2.5
177 387 -0.5
177 177 7
177 385 0.5
177 474 -0.5
177 472 0.5
177 865 -0.5
177 868 -0.5
178 386 -0.5
178 385 0.5
178 178 7
178 479 -0.5
178 478 0.5
178 866 -0.5
178 867 -0.5
179 179 7
179 390 -0.5
179 389 -0.5
179 465 -0.5
179 464 -0.5
179 870 0.5
179 872 0.5
180 389 -0.5
180 388 0.5
180 180 7
180 476 -0.5
180 475 0.5
180 869 -0.5
180 871 -0.5
181 181 7
181 393 -0.5
181 392 -0.5
181 462 -0.5
181 461 -0.5
181 874 0.5
181 875 0.5
182 393 -0.5
182 182 7
182 391 0.5
182 468 -0.5
182 466 0.5
182 873 -0.5
182 876 -0.5
183 396 -2.5
183 183 11
183 394 1.5
183 501 -2.5
183 499 1.5
183 877 -1.5
183 880 -1.5
184 395 -1.5
184 394 1.5
184 184 11
184 506 -1.5
184 505 1.5
184 878 -2.5
184 879 -2.5
185 185 11
185 399 -2.5
185 398 -1.5
185 492 -2.5
185 491 -1.5
185 882 1.5
185 884 1.5
186 398 -1.5
186 397 1.5
186 186 11
186 503 -1.5
186 502 1.5
186 881 -2.5
186 883 -2.5
187 187 11
187 402 -2.5
187 401 -1.5
187 489 -2.5
187 488 -1.5
187 886 1.5
187 887 1.5
188 402 -2.5
188 188 11
188 400 1.5
188 495 -2.5
188 493 1.5
188 885 -1.5
188 888 -1.5
189 405 -0.5
189 189 7
189 403 0.5
189 528 -0.5
189 526 0.5
189 889 -0.5
189 892 -0.5
190 404 -0.5
190 403 0.5
190 190 7
190 533 -0.5
190 532 0.5
190 890 -0.5
190 891 -0.5
191 191 7
191 408 -0.5
191 407 -0.5
191 519 -0.5
191 518 -0.5
191 894 0.5
191 896 0.5
192 407 -0.5
192 406 0.5
192 192 7
192 530 -0.5
192 529 0.5
192 893 -0.5
192 895 -0.5
193 193 7
193 411 -0.5
193 410 -0.5
193 516 -0.5
193 515 -0.5
193 898 0.5
193 899 0.5
194 411 -0.5
194 194 7
194 409 0.5
194 522 -0.5
194 520 0.5
194 897 -0.5
194 900 -0.5
195 414 -0.5
195 195 7
195 412 0.5
195 555 -0.5
195 553 0.5
195 901 -0.5
195 904 -0.5
196 413 -0.5
196 412 0.5
196 196 7
196 560 -0.5
196 559 0.5
196 902 -0.5
196 903 -0.5
197 197 7
197 417 -0.5
197 416 -0.5
197 546 -0.5
197 545 -0.5
197 906 0.5
197 908 0.5
198 416 -0.5
198 415 0.5
198 198 7
198 557 -0.5
198 556 0.5
198 905 -0.5
198 907 -0.5
199 199 7
199 420 -0.5
199 419 -0.5
199 543 -0.5
199 542 -0.5
199 910 0.5
199 911 0.5
200 420 -0.5
200 200 7
200 418 0.5
200 549 -0.5
200 547 0.5
200 909 -0.5
200 912 -0.5
201 423 -0.5
201 201 7
201 421 0.5
201 582 -0.5
201 580 0.5
201 913 -0.5
201 916 -0.5
202 422 -0.5
202 421 0.5
202 202 7
202 587 -0.5
202 586 0.5
202 914 -0.5
202 915 -0.5
203 203 7
203 426 -0.5
203 425 -0.5
203 573 -0.5
203 572 -0.5
203 918 0.5
203 920 0.5
204 425 -0.5
204 424 0.5
204 204 7
204 584 -0.5
204 583 0.5
204 917 -0.5
204 919 -0.5
205 205 7
205 429 -0.5
205 428 -0.5
205 570 -0.5
205 569 -0.5
205 922 0.5
205 923 0.5
206 429 -0.5
206 206 7
206 427 0.5
206 576 -0.5
206 574 0.5
206 921 -0.5
206 924 -0.5
207 432 -2.5
207 207 11
207 430 1.5
207 609 -2.5
207 607 1.5
207 925 -1.5
207 928 -1.5
208 431 -1.5
208 430 1.5
208 208 11
208 614 -1.5
208 613 1.5
208 926 -2.5
208 927 -2.5
209 209 11
209 435 -2.5
209 434 -1.5
209 600 -2.5
209 599 -1.5
209 930 1.5
209 932 1.5
210 434 -1.5
210 433 1.5
210 210 11
210 611 -1.5
210 610 1.5
210 929 -2.5
210 931 -2.5
211 211 11
211 438 -2.5
211 437 -1.5
211 597 -2.5
211 596 -1.5
211 934 1.5
211 935 1.5
212 438 -2.5
212 212 11
212 436 1.5
212 603 -2.5
212 601 1.5
212 933 -1.5
212 936 -1.5
213 441 -2.5
213 213 11
213 439 1.5
213 636 -2.5
213 634 1.5
213 937 -1.5
213 940 -1.5
214 440 -1.5
214 439 1.5
214 214 11
214 641 -1.5
214 640 1.5
214 938 -2.5
214 939 -2.5
215 215 11
215 444 -2.5
215 443 -1.5
215 627 -2.5
215 626 -1.5
215 942 1.5
215 944 1.5
216 443 -1.5
216 442 1.5
216 216 11
216 638 -1.5
216 637 1.5
216 941 -2.5
216 943 -2.5
217 217 11
217 447 -2.5
217 446 -1.5
217 624 -2.5
217 623 -1.5
217 946 1.5
217 947 1.5
218 447 -2.5
218 218 11
218 445 1.5
218 630 -2.5
218 628 1.5
218 945 -1.5
218 948 -1.5
219 450 -2.5
219 219 11
219 448 1.5
219 663 -2.5
219 661 1.5
219 949 -1.5
219 952 -1.5
220 449 -1.5
220 448 1.5
220 220 11
220 668 -1.5
220 667 1.5
220 950 -2.5
220 951 -2.5
221 221 11
221 453 -2.5
221 452 -1.5
221 654 -2.5
221 653 -1.5
221 954 1.5
221 956 1.5
222 452 -1.5
222 451 1.5
222 222 11
222 665 -1.5
222 664 1.5
222 953 -2.5
222 955 -2.5
223 223 11
223 456 -2.5
223 455 -1.5
223 651 -2.5
223 650 -1.5
223 958 1.5
223 959 1.5
224 456 -2.5
224 224 11
224 454 1.5
224 657 -2.5
224 655 1.5
224 957 -1.5
224 960 -1.5
225 459 -0.5
225 225 7
225 457 0.5
225 564 -0.5
225 562 0.5
225 961 -0.5
225 964 -0.5
226 458 -0.5
226 457 0.5
226 226 7
226 578 -0.5
226 577 0.5
226 962 -0.5
226 963 -0.5
227 461 -0.5
227 460 0.5
227 227 7
227 575 -0.5
227 574 0.5
227 965 -0.5
227 966 -0.5
228 465 -0.5
228 228 7
228 463 0.5
228 558 -0.5
228 556 0.5
228 967 -0.5
228 968 -0.5
229 467 -0.5
229 466 0.5
229 229 7
229 569 -0.5
229 568 0.5
229 969 -0.5
229 970 -0.5
230 230 7
230 471 -0.5
230 470 -0.5
230 537 -0.5
230 536 -0.5
230 972 0.5
230 974 0.5
231 470 -0.5
231 469 0.5
231 231 7
231 566 -0.5
231 565 0.5
231 971 -0.5
231 973 -0.5
232 232 7
232 474 -0.5
232 473 -0.5
232 534 -0.5
232 533 -0.5
232 975 0.5
232 976 0.5
233 477 -0.5
233 233 7
233 475 0.5
233 546 -0.5
233 544 0.5
233 977 -0.5
233 978 -0.5
234 234 7
234 480 -0.5
234 479 -0.5
234 528 -0.5
234 527 -0.5
234 979 0.5
234 980 0.5
235 235 7
235 483 -0.5
235 482 -0.5
235 525 -0.5
235 524 -0.5
235 982 0.5
235 983 0.5
236 483 -0.5
236 236 7
236 481 0.5
236 540 -0.5
236 538 0.5
236 981 -0.5
236 984 -0.5
237 486 -2.5
237 237 11
237 484 1.5
237 645 -2.5
237 643 1.5
237 985 -1.5
237 988 -1.5
238 485 -1.5
238 484 1.5
238 238 11
238 659 -1.5
238 658 1.5
238 986 -2.5
238 987 -2.5
239 488 -1.5
239 487 1.5
239 239 11
239 656 -1.5
239 655 1.5
239 989 -2.5
239 990 -2.5
240 492 -2.5
240 240 11
240 490 1.5
240 639 -2.5
240 637 1.5
240 991 -1.5
240 992 -1.5
241 494 -1.5
241 493 1.5
241 241 11
241 650 -1.5
241 649 1.5
241 993 -2.5
241 994 -2.5
242 242 11
242 498 -2.5
242 497 -1.5
242 618 -2.5
242 617 -1.5
242 996 1.5
242 998 1.5
243 497 -1.5
243 496 1.5
243 243 11
243 647 -1.5
243 646 1.5
243 995 -2.5
243 997 -2.5
244 244 11
244 501 -2.5
244 500 -1.5
244 615 -2.5
244 614 -1.5
244 999 1.5
244 1000 1.5
245 504 -2.5
245 245 11
245 502 1.5
245 627 -2.5
245 625 1.5
245 1001 -1.5
245 1002 -1.5
246 246 11
246 507 -2.5
246 506 -1.5
246 609 -2.5
246 608 -1.5
246 1003 1.5
246 1004 1.5
247 247 11
247 510 -2.5
247 509 -1.5
247 606 -2.5
247 605 -1.5
247 1006 1.5
247 1007 1.5
248 510 -2.5
248 248 11
248 508 1.5
248 621 -2.5
248 619 1.5
248 1005 -1.5
248 1008 -1.5
249 513 -0.5
249 249 3.5
249 511 0.5
249 1009 -0.25
249 1012 -0.25
250 512 -0.5
250 511 0.5
250 250 3.5
250 1010 -0.25
250 1011 -0.25
251 515 -0.5
251 514 0.5
251 251 3.5
251 1013 -0.25
251 1014 -0.25
252 519 -0.5
252 252 3.5
252 517 0.5
252 1015 -0.25
252 1016 -0.25
253 521 -0.5
253 520 0.5
253 253 3.5
253 1017 -0.25
253 1018 -0.25
254 524 -0.5
254 523 0.5
254 254 3.5
254 1019 -0.25
254 1020 -0.25
255 531 -0.5
255 255 3.5
255 529 0.5
255 1021 -0.25
255 1022 -0.25
256 537 -0.5
256 256 3.5
256 535 0.5
256 1023 -0.25
256 1024 -0.25
257 539 -0.5
257 538 0.5
257 257 3.5
257 1025 -0.25
257 1026 -0.25
258 542 -0.5
258 541 0.5
258 258 3.5
258 1027 -0.25
258 1028 -0.25
259 548 -0.5
259 547 0.5
259 259 3.5
259 1029 -0.25
259 1030 -0.25
260 260 9
260 552 -0.5
260 551 -0.5
260 594 -2.5
260 592 1.5
260 1032 -0.5
260 1034 -0.5
261 551 -0.5
261 550 0.5
261 261 3.5
261 1031 -0.25
261 1033 -0.25
262 262 9
262 555 -0.5
262 554 -0.5
262 600 -2.5
262 598 1.5
262 1035 -0.5
262 1036 -0.5
263 263 9
263 561 -0.5
263 560 -0.5
263 612 -2.5
263 610 1.5
263 1037 -0.5
263 1038 -0.5
264 264 9
264 564 -0.5
264 563 -0.5
264 618 -2.5
264 616 1.5
264 1039 -0.5
264 1040 -0.5
265 567 -0.5
265 265 3.5
265 565 0.5
265 1041 -0.25
265 1042 -0.25
266 573 -0.5
266 266 3.5
266 571 0.5
266 1043 -0.25
266 1044 -0.25
267 267 9
267 579 -0.5
267 578 -0.5
267 648 -2.5
267 646 1.5
267 1045 -0.5
267 1046 -0.5
268 268 9
268 582 -0.5
268 581 -0.5
268 654 -2.5
268 652 1.5
268 1047 -0.5
268 1048 -0.5
269 585 -0.5
269 269 3.5
269 583 0.5
269 1049 -0.25
269 1050 -0.25
270 270 9
270 588 -0.5
270 587 -0.5
270 666 -2.5
270 664 1.5
270 1051 -0.5
270 1052 -0.5
271 271 9
271 591 -0.5
271 590 -0.5
271 672 -2.5
271 670 1.5
271 1054 -0.5
271 1055 -0.5
272 591 -0.5
272 272 3.5
272 589 0.5
272 1053 -0.25
272 1056 -0.25
273 593 -1.5
273 592 1.5
273 273 5.5
273 1057 -1.25
273 1058 -1.25
274 596 -1.5
274 595 1.5
274 274 5.5
274 1059 -1.25
274 1060 -1.25
275 602 -1.5
275 601 1.5
275 275 5.5
275 1061 -1.25
275 1062 -1.25
276 605 -1.5
276 604 1.5
276 276 5.5
276 1063 -1.25
276 1064 -1.25
277 620 -1.5
277 619 1.5
277 277 5.5
277 1065 -1.25
277 1066 -1.25
278 623 -1.5
278 622 1.5
278 278 5.5
278 1067 -1.25
278 1068 -1.25
279 629 -1.5
279 628 1.5
279 279 5.5
279 1069 -1.25
279 1070 -1.25
280 280 5.5
280 633 -2.5
280 632 -1.5
280 1072 0.75
280 1074 0.75
281 632 -1.5
281 631 1.5
281 281 5.5
281 1071 -1.25
281 1073 -1.25
282 282 5.5
282 636 -2.5
282 635 -1.5
282 1075 0.75
282 1076 0.75
283 283 5.5
283 642 -2.5
283 641 -1.5
283 1077 0.75
283 1078 0.75
284 284 5.5
284 645 -2.5
284 644 -1.5
284 1079 0.75
284 1080 0.75
285 285 5.5
285 660 -2.5
285 659 -1.5
285 1081 0.75
285 1082 0.75
286 286 5.5
286 663 -2.5
286 662 -1.5
286 1083 0.75
286 1084 0.75
287 287 5.5
287 669 -2.5
287 668 -1.5
287 1085 0.75
287 1086 0.75
288 288 5.5
288 672 -2.5
288 671 -1.5
288 1087 0.75
288 1088 0.75
289 289 7
289 290 -0.5
289 291 -0.5
289 673 -0.5
289 674 -0.5
289 82 0.5
289 83 0.5
290 289 -0.5
290 290 7
290 291 0.5
290 675 -0.5
290 676 0.5
290 81 -0.5
290 83 -0.5
291 289 -0.5
291 290 0.5
291 291 7
291 677 -0.5
291 678 0.5
291 81 -0.5
291 82 -0.5
292 292 11
292 293 -2.5
292 294 -1.5
292 679 -2.5
292 680 -1.5
292 85 1.5
292 86 1.5
293 292 -2.5
293 293 11
293 294 1.5
293 681 -2.5
293 682 1.5
293 84 -1.5
293 86 -1.5
294 292 -1.5
294 293 1.5
294 294 11
294 683 -1.5
294 684 1.5
294 84 -2.5
294 85 -2.5
295 295 7
295 296 -0.5
295 297 -0.5
295 685 -0.5
295 686 -0.5
295 88 0.5
295 89 0.5
296 295 -0.5
296 296 7
296 297 0.5
296 687 -0.5
296 688 0.5
296 87 -0.5
296 89 -0.5
297 295 -0.5
297 296 0.5
297 297 7
297 689 -0.5
297 690 0.5
297 87 -0.5
297 88 -0.5
298 298 7
298 299 -0.5
298 300 -0.5
298 691 -0.5
298 692 -0.5
298 91 0.5
298 92 0.5
299 298 -0.5
299 299 7
299 300 0.5
299 693 -0.5
299 694 0.5
299 90 -0.5
299 92 -0.5
300 298 -0.5
300 299 0.5
300 300 7
300 695 -0.5
300 696 0.5
300 90 -0.5
300 91 -0.5
301 301 7
301 302 -0.5
301 303 -0.5
301 697 -0.5
301 698 -0.5
301 94 0.5
301 95 0.5
302 301 -0.5
302 302 7
302 303 0.5
302 699 -0.5
302 700 0.5
302 93 -0.5
302 95 -0.5
303 301 -0.5
303 302 0.5
303 303 7
303 701 -0.5
303 702 0.5
303 93 -0.5
303 94 -0.5
304 304 11
304 305 -2.5
304 306 -1.5
304 703 -2.5
304 704 -1.5
304 97 1.5
304 98 1.5
305 304 -2.5
305 305 11
305 306 1.5
305 705 -2.5
305 706 1.5
305 96 -1.5
305 98 -1.5
306 304 -1.5
306 305 1.5
306 306 11
306 707 -1.5
306 708 1.5
306 96 -2.5
306 97 -2.5
307 307 11
307 308 -2.5
307 309 -1.5
307 709 -2.5
307 710 -1.5
307 100 1.5
307 101 1.5
308 307 -2.5
308 308 11
308 309 1.5
308 711 -2.5
308 712 1.5
308 99 -1.5
308 101 -1.5
309 307 -1.5
309 308 1.5
309 309 11
309 713 -1.5
309 714 1.5
309 99 -2.5
309 100 -2.5
310 310 11
310 311 -2.5
310 312 -1.5
310 715 -2.5
310 716 -1.5
310 103 1.5
310 104 1.5
311 310 -2.5
311 311 11
311 312 1.5
311 717 -2.5
311 718 1.5
311 102 -1.5
311 104 -1.5
312 310 -1.5
312 311 1.5
312 312 11
312 719 -1.5
312 720 1.5
312 102 -2.5
312 103 -2.5
313 313 7
313 314 -0.5
313 315 -0.5
313 721 -0.5
313 722 -0.5
313 106 0.5
313 107 0.5
314 313 -0.5
314 314 7
314 315 0.5
314 723 -0.5
314 724 0.5
314 105 -0.5
314 107 -0.5
315 313 -0.5
315 314 0.5
315 315 7
315 725 -0.5
315 726 0.5
315 105 -0.5
315 106 -0.5
316 316 7
316 317 -0.5
316 318 -0.5
316 727 -0.5
316 728 -0.5
316 109 0.5
316 110 0.5
317 316 -0.5
317 317 7
317 318 0.5
317 729 -0.5
317 730 0.5
317 108 -0.5
317 110 -0.5
318 316 -0.5
318 317 0.5
318 318 7
318 731 -0.5
318 732 0.5
318 108 -0.5
318 109 -0.5
319 319 7
319 320 -0.5
319 321 -0.5
319 733 -0.5
319 734 -0.5
319 112 0.5
319 113 0.5
320 319 -0.5
320 320 7
320 321 0.5
320 735 -0.5
320 736 0.5
320 111 -0.5
320 113 -0.5
321 319 -0.5
321 320 0.5
321 321 7
321 737 -0.5
321 738 0.5
321 111 -0.5
321 112 -0.5
322 322 11
322 323 -2.5
322 324 -1.5
322 739 -2.5
322 740 -1.5
322 115 1.5
322 116 1.5
323 322 -2.5
323 323 11
323 324 1.5
323 741 -2.5
323 742 1.5
323 114 -1.5
323 116 -1.5
324 322 -1.5
324 323 1.5
324 324 11
324 743 -1.5
324 744 1.5
324 114 -2.5
324 115 -2.5
325 325 11
325 326 -2.5
325 327 -1.5
325 745 -2.5
325 746 -1.5
325 118 1.5
325 119 1.5
326 325 -2.5
326 326 11
326 327 1.5
326 747 -2.5
326 748 1.5
326 117 -1.5
326 119 -1.5
327 325 -1.5
327 326 1.5
327 327 11
327 749 -1.5
327 750 1.5
327 117 -2.5
327 118 -2.5
328 328 11
328 329 -2.5
328 330 -1.5
328 751 -2.5
328 752 -1.5
328 121 1.5
328 122 1.5
329 328 -2.5
329 329 11
329 330 1.5
329 753 -2.5
329 754 1.5
329 120 -1.5
329 122 -1.5
330 328 -1.5
330 329 1.5
330 330 11
330 755 -1.5
330 756 1.5
330 120 -2.5
330 121 -2.5
331 331 7
331 332 -0.5
331 333 -0.5
331 757 -0.5
331 758 -0.5
331 124 0.5
331 125 0.5
332 331 -0.5
332 332 7
332 333 0.5
332 759 -0.5
332 760 0.5
332 123 -0.5
332 125 -0.5
333 331 -0.5
333 332 0.5
333 333 7
333 761 -0.5
333 762 0.5
333 123 -0.5
333 124 -0.5
334 334 7
334 335 -0.5
334 336 -0.5
334 763 -0.5
334 764 -0.5
334 127 0.5
334 128 0.5
335 334 -0.5
335 335 7
335 336 0.5
335 765 -0.5
335 766 0.5
335 126 -0.5
335 128 -0.5
336 334 -0.5
336 335 0.5
336 336 7
336 767 -0.5
336 768 0.5
336 126 -0.5
336 127 -0.5
337 337 7
337 338 -0.5
337 339 -0.5
337 769 -0.5
337 770 -0.5
337 130 0.5
337 131 0.5
338 337 -0.5
338 338 7
338 339 0.5
338 771 -0.5
338 772 0.5
338 129 -0.5
338 131 -0.5
339 337 -0.5
339 338 0.5
339 339 7
339 773 -0.5
339 774 0.5
339 129 -0.5
339 130 -0.5
340 340 7
340 341 -0.5
340 342 -0.5
340 775 -0.5
340 776 -0.5
340 133 0.5
340 134 0.5
341 340 -0.5
341 341 7
341 342 0.5
341 777 -0.5
341 778 0.5
341 132 -0.5
341 134 -0.5
342 340 -0.5
342 341 0.5
342 342 7
342 779 -0.5
342 780 0.5
342 132 -0.5
342 133 -0.5
343 343 7
343 344 -0.5
343 345 -0.5
343 781 -0.5
343 782 -0.5
343 136 0.5
343 137 0.5
344 343 -0.5
344 344 7
344 345 0.5
344 783 -0.5
344 784 0.5
344 135 -0.5
344 137 -0.5
345 343 -0.5
345 344 0.5
345 345 7
345 785 -0.5
345 786 0.5
345 135 -0.5
345 136 -0.5
346 346 7
346 347 -0.5
346 348 -0.5
346 787 -0.5
346 788 -0.5
346 139 0.5
346 140 0.5
347 346 -0.5
347 347 7
347 348 0.5
347 789 -0.5
347 790 0.5
347 138 -0.5
347 140 -0.5
348 346 -0.5
348 347 0.5
348 348 7
348 791 -0.5
348 792 0.5
348 138 -0.5
348 139 -0.5
349 349 7
349 350 -0.5
349 351 -0.5
349 793 -0.5
349 794 -0.5
349 142 0.5
349 143 0.5
350 349 -0.5
350 350 7
350 351 0.5
350 795 -0.5
350 796 0.5
350 141 -0.5
350 143 -0.5
351 349 -0.5
351 350 0.5
351 351 7
351 797 -0.5
351 798 0.5
351 141 -0.5
351 142 -0.5
352 352 7
352 353 -0.5
352 354 -0.5
352 799 -0.5
352 800 -0.5
352 145 0.5
352 146 0.5
353 352 -0.5
353 353 7
353 354 0.5
353 801 -0.5
353 802 0.5
353 144 -0.5
353 146 -0.5
354 352 -0.5
354 353 0.5
354 354 7
354 803 -0.5
354 804 0.5
354 144 -0.5
354 145 -0.5
355 355 7
355 356 -0.5
355 357 -0.5
355 805 -0.5
355 806 -0.5
355 148 0.5
355 149 0.5
356 355 -0.5
356 356 7
356 357 0.5
356 807 -0.5
356 808 0.5
356 147 -0.5
356 149 -0.5
357 355 -0.5
357 356 0.5
357 357 7
357 809 -0.5
357 810 0.5
357 147 -0.5
357 148 -0.5
358 358 11
358 359 -2.5
358 360 -1.5
358 811 -2.5
358 812 -1.5
358 151 1.5
358 152 1.5
359 358 -2.5
359 359 11
359 360 1.5
359 813 -2.5
359 814 1.5
359 150 -1.5
359 152 -1.5
360 358 -1.5
360 359 1.5
360 360 11
360 815 -1.5
360 816 1.5
360 150 -2.5
360 151 -2.5
361 361 11
361 362 -2.5
361 363 -1.5
361 817 -2.5
361 818 -1.5
361 154 1.5
361 155 1.5
362 361 -2.5
362 362 11
362 363 1.5
362 819 -2.5
362 820 1.5
362 153 -1.5
362 155 -1.5
363 361 -1.5
363 362 1.5
363 363 11
363 821 -1.5
363 822 1.5
363 153 -2.5
363 154 -2.5
364 364 11
364 365 -2.5
364 366 -1.5
364 823 -2.5
364 824 -1.5
364 157 1.5
364 158 1.5
365 364 -2.5
365 365 11
365 366 1.5
365 825 -2.5
365 826 1.5
365 156 -1.5
365 158 -1.5
366 364 -1.5
366 365 1.5
366 366 11
366 827 -1.5
366 828 1.5
366 156 -2.5
366 157 -2.5
367 367 11
367 368 -2.5
367 369 -1.5
367 829 -2.5
367 830 -1.5
367 160 1.5
367 161 1.5
368 367 -2.5
368 368 11
368 369 1.5
368 831 -2.5
368 832 1.5
368 159 -1.5
368 161 -1.5
369 367 -1.5
369 368 1.5
369 369 11
369 833 -1.5
369 834 1.5
369 159 -2.5
369 160 -2.5
370 370 11
370 371 -2.5
370 372 -1.5
370 835 -2.5
370 836 -1.5
370 163 1.5
370 164 1.5
371 370 -2.5
371 371 11
371 372 1.5
371 837 -2.5
371 838 1.5
371 162 -1.5
371 164 -1.5
372 370 -1.5
372 371 1.5
372 372 11
372 839 -1.5
372 840 1.5
372 162 -2.5
372 163 -2.5
373 373 11
373 374 -2.5
373 375 -1.5
373 841 -2.5
373 842 -1.5
373 166 1.5
373 167 1.5
374 373 -2.5
374 374 11
374 375 1.5
374 843 -2.5
374 844 1.5
374 165 -1.5
374 167 -1.5
375 373 -1.5
375 374 1.5
375 375 11
375 845 -1.5
375 846 1.5
375 165 -2.5
375 166 -2.5
376 376 11
376 377 -2.5
376 378 -1.5
376 847 -2.5
376 848 -1.5
376 169 1.5
376 170 1.5
377 376 -2.5
377 377 11
377 378 1.5
377 849 -2.5
377 850 1.5
377 168 -1.5
377 170 -1.5
378 376 -1.5
378 377 1.5
378 378 11
378 851 -1.5
378 852 1.5
378 168 -2.5
378 169 -2.5
379 379 11
379 380 -2.5
379 381 -1.5
379 853 -2.5
379 854 -1.5
379 172 1.5
379 173 1.5
380 379 -2.5
380 380 11
380 381 1.5
380 855 -2.5
380 856 1.5
380 171 -1.5
380 173 -1.5
381 379 -1.5
381 380 1.5
381 381 11
381 857 -1.5
381 858 1.5
381 171 -2.5
381 172 -2.5
382 382 11
382 383 -2.5
382 384 -1.5
382 859 -2.5
382 860 -1.5
382 175 1.5
382 176 1.5
383 382 -2.5
383 383 11
383 384 1.5
383 861 -2.5
383 862 1.5
383 174 -1.5
383 176 -1.5
384 382 -1.5
384 383 1.5
384 384 11
384 863 -1.5
384 864 1.5
384 174 -2.5
384 175 -2.5
385 385 7
385 386 -0.5
385 387 -0.5
385 865 -0.5
385 866 -0.5
385 177 0.5
385 178 0.5
386 385 -0.5
386 386 7
386 387 0.5
386 677 -0.5
386 867 0.5
386 81 -0.5
386 178 -0.5
387 385 -0.5
387 386 0.5
387 387 7
387 675 -0.5
387 868 0.5
387 81 -0.5
387 177 -0.5
388 388 7
388 389 -0.5
388 390 -0.5
388 678 -0.5
388 869 -0.5
388 82 0.5
388 180 0.5
389 388 -0.5
389 389 7
389 390 0.5
389 870 -0.5
389 871 0.5
389 179 -0.5
389 180 -0.5
390 388 -0.5
390 389 0.5
390 390 7
390 872 -0.5
390 673 0.5
390 179 -0.5
390 82 -0.5
391 391 7
391 392 -0.5
391 393 -0.5
391 873 -0.5
391 676 -0.5
391 182 0.5
391 83 0.5
392 391 -0.5
392 392 7
392 393 0.5
392 874 -0.5
392 674 0.5
392 181 -0.5
392 83 -0.5
393 391 -0.5
393 392 0.5
393 393 7
393 875 -0.5
393 876 0.5
393 181 -0.5
393 182 -0.5
394 394 11
394 395 -2.5
394 396 -1.5
394 877 -2.5
394 878 -1.5
394 183 1.5
394 184 1.5
395 394 -2.5
395 395 11
395 396 1.5
395 683 -2.5
395 879 1.5
395 84 -1.5
395 184 -1.5
396 394 -1.5
396 395 1.5
396 396 11
396 681 -1.5
396 880 1.5
396 84 -2.5
396 183 -2.5
397 397 11
397 398 -2.5
397 399 -1.5
397 684 -2.5
397 881 -1.5
397 85 1.5
397 186 1.5
398 397 -2.5
398 398 11
398 399 1.5
398 882 -2.5
398 883 1.5
398 185 -1.5
398 186 -1.5
399 397 -1.5
399 398 1.5
399 399 11
399 884 -1.5
399 679 1.5
399 185 -2.5
399 85 -2.5
400 400 11
400 401 -2.5
400 402 -1.5
400 885 -2.5
400 682 -1.5
400 188 1.5
400 86 1.5
401 400 -2.5
401 401 11
401 402 1.5
401 886 -2.5
401 680 1.5
401 187 -1.5
401 86 -1.5
402 400 -1.5
402 401 1.5
402 402 11
402 887 -1.5
402 888 1.5
402 187 -2.5
402 188 -2.5
403 403 7
403 404 -0.5
403 405 -0.5
403 889 -0.5
403 890 -0.5
403 189 0.5
403 190 0.5
404 403 -0.5
404 404 7
404 405 0.5
404 689 -0.5
404 891 0.5
404 87 -0.5
404 190 -0.5
405 403 -0.5
405 404 0.5
405 405 7
405 687 -0.5
405 892 0.5
405 87 -0.5
405 189 -0.5
406 406 7
406 407 -0.5
406 408 -0.5
406 690 -0.5
406 893 -0.5
406 88 0.5
406 192 0.5
407 406 -0.5
407 407 7
407 408 0.5
407 894 -0.5
407 895 0.5
407 191 -0.5
407 192 -0.5
408 406 -0.5
408 407 0.5
408 408 7
408 896 -0.5
408 685 0.5
408 191 -0.5
408 88 -0.5
409 409 7
409 410 -0.5
409 411 -0.5
409 897 -0.5
409 688 -0.5
409 194 0.5
409 89 0.5
410 409 -0.5
410 410 7
410 411 0.5
410 898 -0.5
410 686 0.5
410 193 -0.5
410 89 -0.5
411 409 -0.5
411 410 0.5
411 411 7
411 899 -0.5
411 900 0.5
411 193 -0.5
411 194 -0.5
412 412 7
412 413 -0.5
412 414 -0.5
412 901 -0.5
412 902 -0.5
412 195 0.5
412 196 0.5
413 412 -0.5
413 413 7
413 414 0.5
413 695 -0.5
413 903 0.5
413 90 -0.5
413 196 -0.5
414 412 -0.5
414 413 0.5
414 414 7
414 693 -0.5
414 904 0.5
414 90 -0.5
414 195 -0.5
415 415 7
415 416 -0.5
415 417 -0.5
415 696 -0.5
415 905 -0.5
415 91 0.5
415 198 0.5
416 415 -0.5
416 416 7
416 417 0.5
416 906 -0.5
416 907 0.5
416 197 -0.5
416 198 -0.5
417 415 -0.5
417 416 0.5
417 417 7
417 908 -0.5
417 691 0.5
417 197 -0.5
417 91 -0.5
418 418 7
418 419 -0.5
418 420 -0.5
418 909 -0.5
418 694 -0.5
418 200 0.5
418 92 0.5
419 418 -0.5
419 419 7
419 420 0.5
419 910 -0.5
419 692 0.5
419 199 -0.5
419 92 -0.5
420 418 -0.5
420 419 0.5
420 420 7
420 911 -0.5
420 912 0.5
420 199 -0.5
420 200 -0.5
421 421 7
421 422 -0.5
421 423 -0.5
421 913 -0.5
421 914 -0.5
421 201 0.5
421 202 0.5
422 421 -0.5
422 422 7
422 423 0.5
422 701 -0.5
422 915 0.5
422 93 -0.5
422 202 -0.5
423 421 -0.5
423 422 0.5
423 423 7
423 699 -0.5
423 916 0.5
423 93 -0.5
423 201 -0.5
424 424 7
424 425 -0.5
424 426 -0.5
424 702 -0.5
424 917 -0.5
424 94 0.5
424 204 0.5
425 424 -0.5
425 425 7
425 426 0.5
425 918 -0.5
425 919 0.5
425 203 -0.5
425 204 -0.5
426 424 -0.5
426 425 0.5
426 426 7
426 920 -0.5
426 697 0.5
426 203 -0.5
426 94 -0.5
427 427 7
427 428 -0.5
427 429 -0.5
427 921 -0.5
427 700 -0.5
427 206 0.5
427 95 0.5
428 427 -0.5
428 428 7
428 429 0.5
428 922 -0.5
428 698 0.5
428 205 -0.5
428 95 -0.5
429 427 -0.5
429 428 0.5
429 429 7
429 923 -0.5
429 924 0.5
429 205 -0.5
429 206 -0.5
430 430 11
430 431 -2.5
430 432 -1.5
430 925 -2.5
430 926 -1.5
430 207 1.5
430 208 1.5
431 430 -2.5
431 431 11
431 432 1.5
431 707 -2.5
431 927 1.5
431 96 -1.5
431 208 -1.5
432 430 -1.5
432 431 1.5
432 432 11
432 705 -1.5
432 928 1.5
432 96 -2.5
432 207 -2.5
433 433 11
433 434 -2.5
433 435 -1.5
433 708 -2.5
433 929 -1.5
433 97 1.5
433 210 1.5
434 433 -2.5
434 434 11
434 435 1.5
434 930 -2.5
434 931 1.5
434 209 -1.5
434 210 -1.5
435 433 -1.5
435 434 1.5
435 435 11
435 932 -1.5
435 703 1.5
435 209 -2.5
435 97 -2.5
436 436 11
436 437 -2.5
436 438 -1.5
436 933 -2.5
436 706 -1.5
436 212 1.5
436 98 1.5
437 436 -2.5
437 437 11
437 438 1.5
437 934 -2.5
437 704 1.5
437 211 -1.5
437 98 -1.5
438 436 -1.5
438 437 1.5
438 438 11
438 935 -1.5
438 936 1.5
438 211 -2.5
438 212 -2.5
439 439 11
439 440 -2.5
439 441 -1.5
439 937 -2.5
439 938 -1.5
439 213 1.5
439 214 1.5
440 439 -2.5
440 440 11
440 441 1.5
440 713 -2.5
440 939 1.5
440 99 -1.5
440 214 -1.5
441 439 -1.5
441 440 1.5
441 441 11
441 711 -1.5
441 940 1.5
441 99 -2.5
441 213 -2.5
442 442 11
442 443 -2.5
442 444 -1.5
442 714 -2.5
442 941 -1.5
442 100 1.5
442 216 1.5
443 442 -2.5
443 443 11
443 444 1.5
443 942 -2.5
443 943 1.5
443 215 -1.5
443 216 -1.5
444 442 -1.5
444 443 1.5
444 444 11
444 944 -1.5
444 709 1.5
444 215 -2.5
444 100 -2.5
445 445 11
445 446 -2.5
445 447 -1.5
445 945 -2.5
445 712 -1.5
445 218 1.5
445 101 1.5
446 445 -2.5
446 446 11
446 447 1.5
446 946 -2.5
446 710 1.5
446 217 -1.5
446 101 -1.5
447 445 -1.5
447 446 1.5
447 447 11
447 947 -1.5
447 948 1.5
447 217 -2.5
447 218 -2.5
448 448 11
448 449 -2.5
448 450 -1.5
448 949 -2.5
448 950 -1.5
448 219 1.5
448 220 1.5
449 448 -2.5
449 449 11
449 450 1.5
449 719 -2.5
449 951 1.5
449 102 -1.5
449 220 -1.5
450 448 -1.5
450 449 1.5
450 450 11
450 717 -1.5
450 952 1.5
450 102 -2.5
450 219 -2.5
451 451 11
451 452 -2.5
451 453 -1.5
451 720 -2.5
451 953 -1.5
451 103 1.5
451 222 1.5
452 451 -2.5
452 452 11
452 453 1.5
452 954 -2.5
452 955 1.5
452 221 -1.5
452 222 -1.5
453 451 -1.5
453 452 1.5
453 453 11
453 956 -1.5
453 715 1.5
453 221 -2.5
453 103 -2.5
454 454 11
454 455 -2.5
454 456 -1.5
454 957 -2.5
454 718 -1.5
454 224 1.5
454 104 1.5
455 454 -2.5
455 455 11
455 456 1.5
455 958 -2.5
455 716 1.5
455 223 -1.5
455 104 -1.5
456 454 -1.5
456 455 1.5
456 456 11
456 959 -1.5
456 960 1.5
456 223 -2.5
456 224 -2.5
457 457 7
457 458 -0.5
457 459 -0.5
457 961 -0.5
457 962 -0.5
457 225 0.5
457 226 0.5
458 457 -0.5
458 458 7
458 459 0.5
458 725 -0.5
458 963 0.5
458 105 -0.5
458 226 -0.5
459 457 -0.5
459 458 0.5
459 459 7
459 723 -0.5
459 964 0.5
459 105 -0.5
459 225 -0.5
460 460 7
460 461 -0.5
460 462 -0.5
460 726 -0.5
460 965 -0.5
460 106 0.5
460 227 0.5
461 460 -0.5
461 461 7
461 462 0.5
461 875 -0.5
461 966 0.5
461 181 -0.5
461 227 -0.5
462 460 -0.5
462 461 0.5
462 462 7
462 874 -0.5
462 721 0.5
462 181 -0.5
462 106 -0.5
463 463 7
463 464 -0.5
463 465 -0.5
463 967 -0.5
463 724 -0.5
463 228 0.5
463 107 0.5
464 463 -0.5
464 464 7
464 465 0.5
464 872 -0.5
464 722 0.5
464 179 -0.5
464 107 -0.5
465 463 -0.5
465 464 0.5
465 465 7
465 870 -0.5
465 968 0.5
465 179 -0.5
465 228 -0.5
466 466 7
466 467 -0.5
466 468 -0.5
466 876 -0.5
466 969 -0.5
466 182 0.5
466 229 0.5
467 466 -0.5
467 467 7
467 468 0.5
467 731 -0.5
467 970 0.5
467 108 -0.5
467 229 -0.5
468 466 -0.5
468 467 0.5
468 468 7
468 729 -0.5
468 873 0.5
468 108 -0.5
468 182 -0.5
469 469 7
469 470 -0.5
469 471 -0.5
469 732 -0.5
469 971 -0.5
469 109 0.5
469 231 0.5
470 469 -0.5
470 470 7
470 471 0.5
470 972 -0.5
470 973 0.5
470 230 -0.5
470 231 -0.5
471 469 -0.5
471 470 0.5
471 471 7
471 974 -0.5
471 727 0.5
471 230 -0.5
471 109 -0.5
472 472 7
472 473 -0.5
472 474 -0.5
472 868 -0.5
472 730 -0.5
472 177 0.5
472 110 0.5
473 472 -0.5
473 473 7
473 474 0.5
473 975 -0.5
473 728 0.5
473 232 -0.5
473 110 -0.5
474 472 -0.5
474 473 0.5
474 474 7
474 976 -0.5
474 865 0.5
474 232 -0.5
474 177 -0.5
475 475 7
475 476 -0.5
475 477 -0.5
475 977 -0.5
475 871 -0.5
475 233 0.5
475 180 0.5
476 475 -0.5
476 476 7
476 477 0.5
476 737 -0.5
476 869 0.5
476 111 -0.5
476 180 -0.5
477 475 -0.5
477 476 0.5
477 477 7
477 735 -0.5
477 978 0.5
477 111 -0.5
477 233 -0.5
478 478 7
478 479 -0.5
478 480 -0.5
478 738 -0.5
478 867 -0.5
478 112 0.5
478 178 0.5
479 478 -0.5
479 479 7
479 480 0.5
479 979 -0.5
479 866 0.5
479 234 -0.5
479 178 -0.5
480 478 -0.5
480 479 0.5
480 480 7
480 980 -0.5
480 733 0.5
480 234 -0.5
480 112 -0.5
481 481 7
481 482 -0.5
481 483 -0.5
481 981 -0.5
481 736 -0.5
481 236 0.5
481 113 0.5
482 481 -0.5
482 482 7
482 483 0.5
482 982 -0.5
482 734 0.5
482 235 -0.5
482 113 -0.5
483 481 -0.5
483 482 0.5
483 483 7
483 983 -0.5
483 984 0.5
483 235 -0.5
483 236 -0.5
484 484 11
484 485 -2.5
484 486 -1.5
484 985 -2.5
484 986 -1.5
484 237 1.5
484 238 1.5
485 484 -2.5
485 485 11
485 486 1.5
485 743 -2.5
485 987 1.5
485 114 -1.5
485 238 -1.5
486 484 -1.5
486 485 1.5
486 486 11
486 741 -1.5
486 988 1.5
486 114 -2.5
486 237 -2.5
487 487 11
487 488 -2.5
487 489 -1.5
487 744 -2.5
487 989 -1.5
487 115 1.5
487 239 1.5
488 487 -2.5
488 488 11
488 489 1.5
488 887 -2.5
488 990 1.5
488 187 -1.5
488 239 -1.5
489 487 -1.5
489 488 1.5
489 489 11
489 886 -1.5
489 739 1.5
489 187 -2.5
489 115 -2.5
490 490 11
490 491 -2.5
490 492 -1.5
490 991 -2.5
490 742 -1.5
490 240 1.5
490 116 1.5
491 490 -2.5
491 491 11
491 492 1.5
491 884 -2.5
491 740 1.5
491 185 -1.5
491 116 -1.5
492 490 -1.5
492 491 1.5
492 492 11
492 882 -1.5
492 992 1.5
492 185 -2.5
492 240 -2.5
493 493 11
493 494 -2.5
493 495 -1.5
493 888 -2.5
493 993 -1.5
493 188 1.5
493 241 1.5
494 493 -2.5
494 494 11
494 495 1.5
494 749 -2.5
494 994 1.5
494 117 -1.5
494 241 -1.5
495 493 -1.5
495 494 1.5
495 495 11
495 747 -1.5
495 885 1.5
495 117 -2.5
495 188 -2.5
496 496 11
496 497 -2.5
496 498 -1.5
496 750 -2.5
496 995 -1.5
496 118 1.5
496 243 1.5
497 496 -2.5
497 497 11
497 498 1.5
497 996 -2.5
497 997 1.5
497 242 -1.5
497 243 -1.5
498 496 -1.5
498 497 1.5
498 498 11
498 998 -1.5
498 745 1.5
498 242 -2.5
498 118 -2.5
499 499 11
499 500 -2.5
499 501 -1.5
499 880 -2.5
499 748 -1.5
499 183 1.5
499 119 1.5
500 499 -2.5
500 500 11
500 501 1.5
500 999 -2.5
500 746 1.5
500 244 -1.5
500 119 -1.5
501 499 -1.5
501 500 1.5
501 501 11
501 1000 -1.5
501 877 1.5
501 244 -2.5
501 183 -2.5
502 502 11
502 503 -2.5
502 504 -1.5
502 1001 -2.5
502 883 -1.5
502 245 1.5
502 186 1.5
503 502 -2.5
503 503 11
503 504 1.5
503 755 -2.5
503 881 1.5
503 120 -1.5
503 186 -1.5
504 502 -1.5
504 503 1.5
504 504 11
504 753 -1.5
504 1002 1.5
504 120 -2.5
504 245 -2.5
505 505 11
505 506 -2.5
505 507 -1.5
505 756 -2.5
505 879 -1.5
505 121 1.5
505 184 1.5
506 505 -2.5
506 506 11
506 507 1.5
506 1003 -2.5
506 878 1.5
506 246 -1.5
506 184 -1.5
507 505 -1.5
507 506 1.5
507 507 11
507 1004 -1.5
507 751 1.5
507 246 -2.5
507 121 -2.5
508 508 11
508 509 -2.5
508 510 -1.5
508 1005 -2.5
508 754 -1.5
508 248 1.5
508 122 1.5
509 508 -2.5
509 509 11
509 510 1.5
509 1006 -2.5
509 752 1.5
509 247 -1.5
509 122 -1.5
510 508 -1.5
510 509 1.5
510 510 11
510 1007 -1.5
510 1008 1.5
510 247 -2.5
510 248 -2.5
511 511 7
511 512 -0.5
511 513 -0.5
511 1009 -0.5
511 1010 -0.5
511 249 0.5
511 250 0.5
512 511 -0.5
512 512 7
512 513 0.5
512 761 -0.5
512 1011 0.5
512 123 -0.5
512 250 -0.5
513 511 -0.5
513 512 0.5
513 513 7
513 759 -0.5
513 1012 0.5
513 123 -0.5
513 249 -0.5
514 514 7
514 515 -0.5
514 516 -0.5
514 762 -0.5
514 1013 -0.5
514 124 0.5
514 251 0.5
515 514 -0.5
515 515 7
515 516 0.5
515 899 -0.5
515 1014 0.5
515 193 -0.5
515 251 -0.5
516 514 -0.5
516 515 0.5
516 516 7
516 898 -0.5
516 757 0.5
516 193 -0.5
516 124 -0.5
517 517 7
517 518 -0.5
517 519 -0.5
517 1015 -0.5
517 760 -0.5
517 252 0.5
517 125 0.5
518 517 -0.5
518 518 7
518 519 0.5
518 896 -0.5
518 758 0.5
518 191 -0.5
518 125 -0.5
519 517 -0.5
519 518 0.5
519 519 7
519 894 -0.5
519 1016 0.5
519 191 -0.5
519 252 -0.5
520 520 7
520 521 -0.5
520 522 -0.5
520 900 -0.5
520 1017 -0.5
520 194 0.5
520 253 0.5
521 520 -0.5
521 521 7
521 522 0.5
521 767 -0.5
521 1018 0.5
521 126 -0.5
521 253 -0.5
522 520 -0.5
522 521 0.5
522 522 7
522 765 -0.5
522 897 0.5
522 126 -0.5
522 194 -0.5
523 523 7
523 524 -0.5
523 525 -0.5
523 768 -0.5
523 1019 -0.5
523 127 0.5
523 254 0.5
524 523 -0.5
524 524 7
524 525 0.5
524 983 -0.5
524 1020 0.5
524 235 -0.5
524 254 -0.5
525 523 -0.5
525 524 0.5
525 525 7
525 982 -0.5
525 763 0.5
525 235 -0.5
525 127 -0.5
526 526 7
526 527 -0.5
526 528 -0.5
526 892 -0.5
526 766 -0.5
526 189 0.5
526 128 0.5
527 526 -0.5
527 527 7
527 528 0.5
527 980 -0.5
527 764 0.5
527 234 -0.5
527 128 -0.5
528 526 -0.5
528 527 0.5
528 528 7
528 979 -0.5
528 889 0.5
528 234 -0.5
528 189 -0.5
529 529 7
529 530 -0.5
529 531 -0.5
529 1021 -0.5
529 895 -0.5
529 255 0.5
529 192 0.5
530 529 -0.5
530 530 7
530 531 0.5
530 773 -0.5
530 893 0.5
530 129 -0.5
530 192 -0.5
531 529 -0.5
531 530 0.5
531 531 7
531 771 -0.5
531 1022 0.5
531 129 -0.5
531 255 -0.5
532 532 7
532 533 -0.5
532 534 -0.5
532 774 -0.5
532 891 -0.5
532 130 0.5
532 190 0.5
533 532 -0.5
533 533 7
533 534 0.5
533 976 -0.5
533 890 0.5
533 232 -0.5
533 190 -0.5
534 532 -0.5
534 533 0.5
534 534 7
534 975 -0.5
534 769 0.5
534 232 -0.5
534 130 -0.5
535 535 7
535 536 -0.5
535 537 -0.5
535 1023 -0.5
535 772 -0.5
535 256 0.5
535 131 0.5
536 535 -0.5
536 536 7
536 537 0.5
536 974 -0.5
536 770 0.5
536 230 -0.5
536 131 -0.5
537 535 -0.5
537 536 0.5
537 537 7
537 972 -0.5
537 1024 0.5
537 230 -0.5
537 256 -0.5
538 538 7
538 539 -0.5
538 540 -0.5
538 984 -0.5
538 1025 -0.5
538 236 0.5
538 257 0.5
539 538 -0.5
539 539 7
539 540 0.5
539 779 -0.5
539 1026 0.5
539 132 -0.5
539 257 -0.5
540 538 -0.5
540 539 0.5
540 540 7
540 777 -0.5
540 981 0.5
540 132 -0.5
540 236 -0.5
541 541 7
541 542 -0.5
541 543 -0.5
541 780 -0.5
541 1027 -0.5
541 133 0.5
541 258 0.5
542 541 -0.5
542 542 7
542 543 0.5
542 911 -0.5
542 1028 0.5
542 199 -0.5
542 258 -0.5
543 541 -0.5
543 542 0.5
543 543 7
543 910 -0.5
543 775 0.5
543 199 -0.5
543 133 -0.5
544 544 7
544 545 -0.5
544 546 -0.5
544 978 -0.5
544 778 -0.5
544 233 0.5
544 134 0.5
545 544 -0.5
545 545 7
545 546 0.5
545 908 -0.5
545 776 0.5
545 197 -0.5
545 134 -0.5
546 544 -0.5
546 545 0.5
546 546 7
546 906 -0.5
546 977 0.5
546 197 -0.5
546 233 -0.5
547 547 7
547 548 -0.5
547 549 -0.5
547 912 -0.5
547 1029 -0.5
547 200 0.5
547 259 0.5
548 547 -0.5
548 548 7
548 549 0.5
548 785 -0.5
548 1030 0.5
548 135 -0.5
548 259 -0.5
549 547 -0.5
549 548 0.5
549 549 7
549 783 -0.5
549 909 0.5
549 135 -0.5
549 200 -0.5
550 550 7
550 551 -0.5
550 552 -0.5
550 786 -0.5
550 1031 -0.5
550 136 0.5
550 261 0.5
551 550 -0.5
551 551 7
551 552 0.5
551 1032 -0.5
551 1033 0.5
551 260 -0.5
551 261 -0.5
552 550 -0.5
552 551 0.5
552 552 7
552 1034 -0.5
552 781 0.5
552 260 -0.5
552 136 -0.5
553 553 7
553 554 -0.5
553 555 -0.5
553 904 -0.5
553 784 -0.5
553 195 0.5
553 137 0.5
554 553 -0.5
554 554 7
554 555 0.5
554 1035 -0.5
554 782 0.5
554 262 -0.5
554 137 -0.5
555 553 -0.5
555 554 0.5
555 555 7
555 1036 -0.5
555 901 0.5
555 262 -0.5
555 195 -0.5
556 556 7
556 557 -0.5
556 558 -0.5
556 968 -0.5
556 907 -0.5
556 228 0.5
556 198 0.5
557 556 -0.5
557 557 7
557 558 0.5
557 791 -0.5
557 905 0.5
557 138 -0.5
557 198 -0.5
558 556 -0.5
558 557 0.5
558 558 7
558 789 -0.5
558 967 0.5
558 138 -0.5
558 228 -0.5
559 559 7
559 560 -0.5
559 561 -0.5
559 792 -0.5
559 903 -0.5
559 139 0.5
559 196 0.5
560 559 -0.5
560 560 7
560 561 0.5
560 1037 -0.5
560 902 0.5
560 263 -0.5
560 196 -0.5
561 559 -0.5
561 560 0.5
561 561 7
561 1038 -0.5
561 787 0.5
561 263 -0.5
561 139 -0.5
562 562 7
562 563 -0.5
562 564 -0.5
562 964 -0.5
562 790 -0.5
562 225 0.5
562 140 0.5
563 562 -0.5
563 563 7
563 564 0.5
563 1039 -0.5
563 788 0.5
563 264 -0.5
563 140 -0.5
564 562 -0.5
564 563 0.5
564 564 7
564 1040 -0.5
564 961 0.5
564 264 -0.5
564 225 -0.5
565 565 7
565 566 -0.5
565 567 -0.5
565 1041 -0.5
565 973 -0.5
565 265 0.5
565 231 0.5
566 565 -0.5
566 566 7
566 567 0.5
566 797 -0.5
566 971 0.5
566 141 -0.5
566 231 -0.5
567 565 -0.5
567 566 0.5
567 567 7
567 795 -0.5
567 1042 0.5
567 141 -0.5
567 265 -0.5
568 568 7
568 569 -0.5
568 570 -0.5
568 798 -0.5
568 970 -0.5
568 142 0.5
568 229 0.5
569 568 -0.5
569 569 7
569 570 0.5
569 923 -0.5
569 969 0.5
569 205 -0.5
569 229 -0.5
570 568 -0.5
570 569 0.5
570 570 7
570 922 -0.5
570 793 0.5
570 205 -0.5
570 142 -0.5
571 571 7
571 572 -0.5
571 573 -0.5
571 1043 -0.5
571 796 -0.5
571 266 0.5
571 143 0.5
572 571 -0.5
572 572 7
572 573 0.5
572 920 -0.5
572 794 0.5
572 203 -0.5
572 143 -0.5
573 571 -0.5
573 572 0.5
573 573 7
573 918 -0.5
573 1044 0.5
573 203 -0.5
573 266 -0.5
574 574 7
574 575 -0.5
574 576 -0.5
574 924 -0.5
574 966 -0.5
574 206 0.5
574 227 0.5
575 574 -0.5
575 575 7
575 576 0.5
575 803 -0.5
575 965 0.5
575 144 -0.5
575 227 -0.5
576 574 -0.5
576 575 0.5
576 576 7
576 801 -0.5
576 921 0.5
576 144 -0.5
576 206 -0.5
577 577 7
577 578 -0.5
577 579 -0.5
577 804 -0.5
577 963 -0.5
577 145 0.5
577 226 0.5
578 577 -0.5
578 578 7
578 579 0.5
578 1045 -0.5
578 962 0.5
578 267 -0.5
578 226 -0.5
579 577 -0.5
579 578 0.5
579 579 7
579 1046 -0.5
579 799 0.5
579 267 -0.5
579 145 -0.5
580 580 7
580 581 -0.5
580 582 -0.5
580 916 -0.5
580 802 -0.5
580 201 0.5
580 146 0.5
581 580 -0.5
581 581 7
581 582 0.5
581 1047 -0.5
581 800 0.5
581 268 -0.5
581 146 -0.5
582 580 -0.5
582 581 0.5
582 582 7
582 1048 -0.5
582 913 0.5
582 268 -0.5
582 201 -0.5
583 583 7
583 584 -0.5
583 585 -0.5
583 1049 -0.5
583 919 -0.5
583 269 0.5
583 204 0.5
584 583 -0.5
584 584 7
584 585 0.5
584 809 -0.5
584 917 0.5
584 147 -0.5
584 204 -0.5
585 583 -0.5
585 584 0.5
585 585 7
585 807 -0.5
585 1050 0.5
585 147 -0.5
585 269 -0.5
586 586 7
586 587 -0.5
586 588 -0.5
586 810 -0.5
586 915 -0.5
586 148 0.5
586 202 0.5
587 586 -0.5
587 587 7
587 588 0.5
587 1051 -0.5
587 914 0.5
587 270 -0.5
587 202 -0.5
588 586 -0.5
588 587 0.5
588 588 7
588 1052 -0.5
588 805 0.5
588 270 -0.5
588 148 -0.5
589 589 7
589 590 -0.5
589 591 -0.5
589 1053 -0.5
589 808 -0.5
589 272 0.5
589 149 0.5
590 589 -0.5
590 590 7
590 591 0.5
590 1054 -0.5
590 806 0.5
590 271 -0.5
590 149 -0.5
591 589 -0.5
591 590 0.5
591 591 7
591 1055 -0.5
591 1056 0.5
591 271 -0.5
591 272 -0.5
592 592 11
592 593 -2.5
592 594 -1.5
592 1032 -2.5
592 1057 -1.5
592 260 1.5
592 273 1.5
593 592 -2.5
593 593 11
593 594 1.5
593 815 -2.5
593 1058 1.5
593 150 -1.5
593 273 -1.5
594 592 -1.5
594 593 1.5
594 594 11
594 813 -1.5
594 1034 1.5
594 150 -2.5
594 260 -2.5
595 595 11
595 596 -2.5
595 597 -1.5
595 816 -2.5
595 1059 -1.5
595 151 1.5
595 274 1.5
596 595 -2.5
596 596 11
596 597 1.5
596 935 -2.5
596 1060 1.5
596 211 -1.5
596 274 -1.5
597 595 -1.5
597 596 1.5
597 597 11
597 934 -1.5
597 811 1.5
597 211 -2.5
597 151 -2.5
598 598 11
598 599 -2.5
598 600 -1.5
598 1035 -2.5
598 814 -1.5
598 262 1.5
598 152 1.5
599 598 -2.5
599 599 11
599 600 1.5
599 932 -2.5
599 812 1.5
599 209 -1.5
599 152 -1.5
600 598 -1.5
600 599 1.5
600 600 11
600 930 -1.5
600 1036 1.5
600 209 -2.5
600 262 -2.5
601 601 11
601 602 -2.5
601 603 -1.5
601 936 -2.5
601 1061 -1.5
601 212 1.5
601 275 1.5
602 601 -2.5
602 602 11
602 603 1.5
602 821 -2.5
602 1062 1.5
602 153 -1.5
602 275 -1.5
603 601 -1.5
603 602 1.5
603 603 11
603 819 -1.5
603 933 1.5
603 153 -2.5
603 212 -2.5
604 604 11
604 605 -2.5
604 606 -1.5
604 822 -2.5
604 1063 -1.5
604 154 1.5
604 276 1.5
605 604 -2.5
605 605 11
605 606 1.5
605 1007 -2.5
605 1064 1.5
605 247 -1.5
605 276 -1.5
606 604 -1.5
606 605 1.5
606 606 11
606 1006 -1.5
606 817 1.5
606 247 -2.5
606 154 -2.5
607 607 11
607 608 -2.5
607 609 -1.5
607 928 -2.5
607 820 -1.5
607 207 1.5
607 155 1.5
608 607 -2.5
608 608 11
608 609 1.5
608 1004 -2.5
608 818 1.5
608 246 -1.5
608 155 -1.5
609 607 -1.5
609 608 1.5
609 609 11
609 1003 -1.5
609 925 1.5
609 246 -2.5
609 207 -2.5
610 610 11
610 611 -2.5
610 612 -1.5
610 1037 -2.5
610 931 -1.5
610 263 1.5
610 210 1.5
611 610 -2.5
611 611 11
611 612 1.5
611 827 -2.5
611 929 1.5
611 156 -1.5
611 210 -1.5
612 610 -1.5
612 611 1.5
612 612 11
612 825 -1.5
612 1038 1.5
612 156 -2.5
612 263 -2.5
613 613 11
613 614 -2.5
613 615 -1.5
613 828 -2.5
613 927 -1.5
613 157 1.5
613 208 1.5
614 613 -2.5
614 614 11
614 615 1.5
614 1000 -2.5
614 926 1.5
614 244 -1.5
614 208 -1.5
615 613 -1.5
615 614 1.5
615 615 11
615 999 -1.5
615 823 1.5
615 244 -2.5
615 157 -2.5
616 616 11
616 617 -2.5
616 618 -1.5
616 1039 -2.5
616 826 -1.5
616 264 1.5
616 158 1.5
617 616 -2.5
617 617 11
617 618 1.5
617 998 -2.5
617 824 1.5
617 242 -1.5
617 158 -1.5
618 616 -1.5
618 617 1.5
618 618 11
618 996 -1.5
618 1040 1.5
618 242 -2.5
618 264 -2.5
619 619 11
619 620 -2.5
619 621 -1.5
619 1008 -2.5
619 1065 -1.5
619 248 1.5
619 277 1.5
620 619 -2.5
620 620 11
620 621 1.5
620 833 -2.5
620 1066 1.5
620 159 -1.5
620 277 -1.5
621 619 -1.5
621 620 1.5
621 621 11
621 831 -1.5
621 1005 1.5
621 159 -2.5
621 248 -2.5
622 622 11
622 623 -2.5
622 624 -1.5
622 834 -2.5
622 1067 -1.5
622 160 1.5
622 278 1.5
623 622 -2.5
623 623 11
623 624 1.5
623 947 -2.5
623 1068 1.5
623 217 -1.5
623 278 -1.5
624 622 -1.5
624 623 1.5
624 624 11
624 946 -1.5
624 829 1.5
624 217 -2.5
624 160 -2.5
625 625 11
625 626 -2.5
625 627 -1.5
625 1002 -2.5
625 832 -1.5
625 245 1.5
625 161 1.5
626 625 -2.5
626 626 11
626 627 1.5
626 944 -2.5
626 830 1.5
626 215 -1.5
626 161 -1.5
627 625 -1.5
627 626 1.5
627 627 11
627 942 -1.5
627 1001 1.5
627 215 -2.5
627 245 -2.5
628 628 11
628 629 -2.5
628 630 -1.5
628 948 -2.5
628 1069 -1.5
628 218 1.5
628 279 1.5
629 628 -2.5
629 629 11
629 630 1.5
629 839 -2.5
629 1070 1.5
629 162 -1.5
629 279 -1.5
630 628 -1.5
630 629 1.5
630 630 11
630 837 -1.5
630 945 1.5
630 162 -2.5
630 218 -2.5
631 631 11
631 632 -2.5
631 633 -1.5
631 840 -2.5
631 1071 -1.5
631 163 1.5
631 281 1.5
632 631 -2.5
632 632 11
632 633 1.5
632 1072 -2.5
632 1073 1.5
632 280 -1.5
632 281 -1.5
633 631 -1.5
633 632 1.5
633 633 11
633 1074 -1.5
633 835 1.5
633 280 -2.5
633 163 -2.5
634 634 11
634 635 -2.5
634 636 -1.5
634 940 -2.5
634 838 -1.5
634 213 1.5
634 164 1.5
635 634 -2.5
635 635 11
635 636 1.5
635 1075 -2.5
635 836 1.5
635 282 -1.5
635 164 -1.5
636 634 -1.5
636 635 1.5
636 636 11
636 1076 -1.5
636 937 1.5
636 282 -2.5
636 213 -2.5
637 637 11
637 638 -2.5
637 639 -1.5
637 992 -2.5
637 943 -1.5
637 240 1.5
637 216 1.5
638 637 -2.5
638 638 11
638 639 1.5
638 845 -2.5
638 941 1.5
638 165 -1.5
638 216 -1.5
639 637 -1.5
639 638 1.5
639 639 11
639 843 -1.5
639 991 1.5
639 165 -2.5
639 240 -2.5
640 640 11
640 641 -2.5
640 642 -1.5
640 846 -2.5
640 939 -1.5
640 166 1.5
640 214 1.5
641 640 -2.5
641 641 11
641 642 1.5
641 1077 -2.5
641 938 1.5
641 283 -1.5
641 214 -1.5
642 640 -1.5
642 641 1.5
642 642 11
642 1078 -1.5
642 841 1.5
642 283 -2.5
642 166 -2.5
643 643 11
643 644 -2.5
643 645 -1.5
643 988 -2.5
643 844 -1.5
643 237 1.5
643 167 1.5
644 643 -2.5
644 644 11
644 645 1.5
644 1079 -2.5
644 842 1.5
644 284 -1.5
644 167 -1.5
645 643 -1.5
645 644 1.5
645 645 11
645 1080 -1.5
645 985 1.5
645 284 -2.5
645 237 -2.5
646 646 11
646 647 -2.5
646 648 -1.5
646 1045 -2.5
646 997 -1.5
646 267 1.5
646 243 1.5
647 646 -2.5
647 647 11
647 648 1.5
647 851 -2.5
647 995 1.5
647 168 -1.5
647 243 -1.5
648 646 -1.5
648 647 1.5
648 648 11
648 849 -1.5
648 1046 1.5
648 168 -2.5
648 267 -2.5
649 649 11
649 650 -2.5
649 651 -1.5
649 852 -2.5
649 994 -1.5
649 169 1.5
649 241 1.5
650 649 -2.5
650 650 11
650 651 1.5
650 959 -2.5
650 993 1.5
650 223 -1.5
650 241 -1.5
651 649 -1.5
651 650 1.5
651 651 11
651 958 -1.5
651 847 1.5
651 223 -2.5
651 169 -2.5
652 652 11
652 653 -2.5
652 654 -1.5
652 1047 -2.5
652 850 -1.5
652 268 1.5
652 170 1.5
653 652 -2.5
653 653 11
653 654 1.5
653 956 -2.5
653 848 1.5
653 221 -1.5
653 170 -1.5
654 652 -1.5
654 653 1.5
654 654 11
654 954 -1.5
654 1048 1.5
654 221 -2.5
654 268 -2.5
655 655 11
655 656 -2.5
655 657 -1.5
655 960 -2.5
655 990 -1.5
655 224 1.5
655 239 1.5
656 655 -2.5
656 656 11
656 657 1.5
656 857 -2.5
656 989 1.5
656 171 -1.5
656 239 -1.5
657 655 -1.5
657 656 1.5
657 657 11
657 855 -1.5
657 957 1.5
657 171 -2.5
657 224 -2.5
658 658 11
658 659 -2.5
658 660 -1.5
658 858 -2.5
658 987 -1.5
658 172 1.5
658 238 1.5
659 658 -2.5
659 659 11
659 660 1.5
659 1081 -2.5
659 986 1.5
659 285 -1.5
659 238 -1.5
660 658 -1.5
660 659 1.5
660 660 11
660 1082 -1.5
660 853 1.5
660 285 -2.5
660 172 -2.5
661 661 11
661 662 -2.5
661 663 -1.5
661 952 -2.5
661 856 -1.5
661 219 1.5
661 173 1.5
662 661 -2.5
662 662 11
662 663 1.5
662 1083 -2.5
662 854 1.5
662 286 -1.5
662 173 -1.5
663 661 -1.5
663 662 1.5
663 663 11
663 1084 -1.5
663 949 1.5
663 286 -2.5
663 219 -2.5
664 664 11
664 665 -2.5
664 666 -1.5
664 1051 -2.5
664 955 -1.5
664 270 1.5
664 222 1.5
665 664 -2.5
665 665 11
665 666 1.5
665 863 -2.5
665 953 1.5
665 174 -1.5
665 222 -1.5
666 664 -1.5
666 665 1.5
666 666 11
666 861 -1.5
666 1052 1.5
666 174 -2.5
666 270 -2.5
667 667 11
667 668 -2.5
667 669 -1.5
667 864 -2.5
667 951 -1.5
667 175 1.5
667 220 1.5
668 667 -2.5
668 668 11
668 669 1.5
668 1085 -2.5
668 950 1.5
668 287 -1.5
668 220 -1.5
669 667 -1.5
669 668 1.5
669 669 11
669 1086 -1.5
669 859 1.5
669 287 -2.5
669 175 -2.5
670 670 11
670 671 -2.5
670 672 -1.5
670 1054 -2.5
670 862 -1.5
670 271 1.5
670 176 1.5
671 670 -2.5
671 671 11
671 672 1.5
671 1087 -2.5
671 860 1.5
671 288 -1.5
671 176 -1.5
672 670 -1.5
672 671 1.5
672 672 11
672 1088 -1.5
672 1055 1.5
672 288 -2.5
672 271 -2.5
673 289 -0.5
673 673 7
673 674 0.5
673 872 -0.5
673 390 0.5
673 25 -0.5
673 82 -0.5
674 289 -0.5
674 673 0.5
674 674 7
674 874 -0.5
674 392 0.5
674 25 -0.5
674 83 -0.5
675 675 7
675 290 -0.5
675 676 -0.5
675 868 -0.5
675 387 -0.5
675 26 0.5
675 81 0.5
676 675 -0.5
676 290 0.5
676 676 7
676 391 -0.5
676 873 0.5
676 83 -0.5
676 26 -0.5
677 677 7
677 678 -0.5
677 291 -0.5
677 386 -0.5
677 867 -0.5
677 81 0.5
677 27 0.5
678 677 -0.5
678 678 7
678 291 0.5
678 388 -0.5
678 869 0.5
678 82 -0.5
678 27 -0.5
679 292 -2.5
679 679 11
679 680 1.5
679 884 -2.5
679 399 1.5
679 28 -1.5
679 85 -1.5
680 292 -1.5
680 679 1.5
680 680 11
680 886 -1.5
680 401 1.5
680 28 -2.5
680 86 -2.5
681 681 11
681 293 -2.5
681 682 -1.5
681 880 -2.5
681 396 -1.5
681 29 1.5
681 84 1.5
682 681 -1.5
682 293 1.5
682 682 11
682 400 -1.5
682 885 1.5
682 86 -2.5
682 29 -2.5
683 683 11
683 684 -2.5
683 294 -1.5
683 395 -2.5
683 879 -1.5
683 84 1.5
683 30 1.5
684 683 -2.5
684 684 11
684 294 1.5
684 397 -2.5
684 881 1.5
684 85 -1.5
684 30 -1.5
685 295 -0.5
685 685 7
685 686 0.5
685 896 -0.5
685 408 0.5
685 31 -0.5
685 88 -0.5
686 295 -0.5
686 685 0.5
686 686 7
686 898 -0.5
686 410 0.5
686 31 -0.5
686 89 -0.5
687 687 7
687 296 -0.5
687 688 -0.5
687 892 -0.5
687 405 -0.5
687 32 0.5
687 87 0.5
688 687 -0.5
688 296 0.5
688 688 7
688 409 -0.5
688 897 0.5
688 89 -0.5
688 32 -0.5
689 689 7
689 690 -0.5
689 297 -0.5
689 404 -0.5
689 891 -0.5
689 87 0.5
689 33 0.5
690 689 -0.5
690 690 7
690 297 0.5
690 406 -0.5
690 893 0.5
690 88 -0.5
690 33 -0.5
691 298 -0.5
691 691 7
691 692 0.5
691 908 -0.5
691 417 0.5
691 34 -0.5
691 91 -0.5
692 298 -0.5
692 691 0.5
692 692 7
692 910 -0.5
692 419 0.5
692 34 -0.5
692 92 -0.5
693 693 7
693 299 -0.5
693 694 -0.5
693 904 -0.5
693 414 -0.5
693 35 0.5
693 90 0.5
694 693 -0.5
694 299 0.5
694 694 7
694 418 -0.5
694 909 0.5
694 92 -0.5
694 35 -0.5
695 695 7
695 696 -0.5
695 300 -0.5
695 413 -0.5
695 903 -0.5
695 90 0.5
695 36 0.5
696 695 -0.5
696 696 7
696 300 0.5
696 415 -0.5
696 905 0.5
696 91 -0.5
696 36 -0.5
697 301 -0.5
697 697 7
697 698 0.5
697 920 -0.5
697 426 0.5
697 37 -0.5
697 94 -0.5
698 301 -0.5
698 697 0.5
698 698 7
698 922 -0.5
698 428 0.5
698 37 -0.5
698 95 -0.5
699 699 7
699 302 -0.5
699 700 -0.5
699 916 -0.5
699 423 -0.5
699 38 0.5
699 93 0.5
700 699 -0.5
700 302 0.5
700 700 7
700 427 -0.5
700 921 0.5
700 95 -0.5
700 38 -0.5
701 701 7
701 702 -0.5
701 303 -0.5
701 422 -0.5
701 915 -0.5
701 93 0.5
701 39 0.5
702 701 -0.5
702 702 7
702 303 0.5
702 424 -0.5
702 917 0.5
702 94 -0.5
702 39 -0.5
703 304 -2.5
703 703 11
703 704 1.5
703 932 -2.5
703 435 1.5
703 40 -1.5
703 97 -1.5
704 304 -1.5
704 703 1.5
704 704 11
704 934 -1.5
704 437 1.5
704 40 -2.5
704 98 -2.5
705 705 11
705 305 -2.5
705 706 -1.5
705 928 -2.5
705 432 -1.5
705 41 1.5
705 96 1.5
706 705 -1.5
706 305 1.5
706 706 11
706 436 -1.5
706 933 1.5
706 98 -2.5
706 41 -2.5
707 707 11
707 708 -2.5
707 306 -1.5
707 431 -2.5
707 927 -1.5
707 96 1.5
707 42 1.5
708 707 -2.5
708 708 11
708 306 1.5
708 433 -2.5
708 929 1.5
708 97 -1.5
708 42 -1.5
709 307 -2.5
709 709 11
709 710 1.5
709 944 -2.5
709 444 1.5
709 43 -1.5
709 100 -1.5
710 307 -1.5
710 709 1.5
710 710 11
710 946 -1.5
710 446 1.5
710 43 -2.5
710 101 -2.5
711 711 11
711 308 -2.5
711 712 -1.5
711 940 -2.5
711 441 -1.5
711 44 1.5
711 99 1.5
712 711 -1.5
712 308 1.5
712 712 11
712 445 -1.5
712 945 1.5
712 101 -2.5
712 44 -2.5
713 713 11
713 714 -2.5
713 309 -1.5
713 440 -2.5
713 939 -1.5
713 99 1.5
713 45 1.5
714 713 -2.5
714 714 11
714 309 1.5
714 442 -2.5
714 941 1.5
714 100 -1.5
714 45 -1.5
715 310 -2.5
715 715 11
715 716 1.5
715 956 -2.5
715 453 1.5
715 46 -1.5
715 103 -1.5
716 310 -1.5
716 715 1.5
716 716 11
716 958 -1.5
716 455 1.5
716 46 -2.5
716 104 -2.5
717 717 11
717 311 -2.5
717 718 -1.5
717 952 -2.5
717 450 -1.5
717 47 1.5
717 102 1.5
718 717 -1.5
718 311 1.5
718 718 11
718 454 -1.5
718 957 1.5
718 104 -2.5
718 47 -2.5
719 719 11
719 720 -2.5
719 312 -1.5
719 449 -2.5
719 951 -1.5
719 102 1.5
719 48 1.5
720 719 -2.5
720 720 11
720 312 1.5
720 451 -2.5
720 953 1.5
720 103 -1.5
720 48 -1.5
721 313 -0.5
721 721 7
721 722 0.5
721 874 -0.5
721 462 0.5
721 25 -0.5
721 106 -0.5
722 313 -0.5
722 721 0.5
722 722 7
722 872 -0.5
722 464 0.5
722 25 -0.5
722 107 -0.5
723 723 7
723 314 -0.5
723 724 -0.5
723 964 -0.5
723 459 -0.5
723 49 0.5
723 105 0.5
724 723 -0.5
724 314 0.5
724 724 7
724 463 -0.5
724 967 0.5
724 107 -0.5
724 49 -0.5
725 725 7
725 726 -0.5
725 315 -0.5
725 458 -0.5
725 963 -0.5
725 105 0.5
725 50 0.5
726 725 -0.5
726 726 7
726 315 0.5
726 460 -0.5
726 965 0.5
726 106 -0.5
726 50 -0.5
727 316 -0.5
727 727 7
727 728 0.5
727 974 -0.5
727 471 0.5
727 51 -0.5
727 109 -0.5
728 316 -0.5
728 727 0.5
728 728 7
728 975 -0.5
728 473 0.5
728 51 -0.5
728 110 -0.5
729 729 7
729 317 -0.5
729 730 -0.5
729 873 -0.5
729 468 -0.5
729 26 0.5
729 108 0.5
730 729 -0.5
730 317 0.5
730 730 7
730 472 -0.5
730 868 0.5
730 110 -0.5
730 26 -0.5
731 731 7
731 732 -0.5
731 318 -0.5
731 467 -0.5
731 970 -0.5
731 108 0.5
731 52 0.5
732 731 -0.5
732 732 7
732 318 0.5
732 469 -0.5
732 971 0.5
732 109 -0.5
732 52 -0.5
733 319 -0.5
733 733 7
733 734 0.5
733 980 -0.5
733 480 0.5
733 53 -0.5
733 112 -0.5
734 319 -0.5
734 733 0.5
734 734 7
734 982 -0.5
734 482 0.5
734 53 -0.5
734 113 -0.5
735 735 7
735 320 -0.5
735 736 -0.5
735 978 -0.5
735 477 -0.5
735 54 0.5
735 111 0.5
736 735 -0.5
736 320 0.5
736 736 7
736 481 -0.5
736 981 0.5
736 113 -0.5
736 54 -0.5
737 737 7
737 738 -0.5
737 321 -0.5
737 476 -0.5
737 869 -0.5
737 111 0.5
737 27 0.5
738 737 -0.5
738 738 7
738 321 0.5
738 478 -0.5
738 867 0.5
738 112 -0.5
738 27 -0.5
739 322 -2.5
739 739 11
739 740 1.5
739 886 -2.5
739 489 1.5
739 28 -1.5
739 115 -1.5
740 322 -1.5
740 739 1.5
740 740 11
740 884 -1.5
740 491 1.5
740 28 -2.5
740 116 -2.5
741 741 11
741 323 -2.5
741 742 -1.5
741 988 -2.5
741 486 -1.5
741 55 1.5
741 114 1.5
742 741 -1.5
742 323 1.5
742 742 11
742 490 -1.5
742 991 1.5
742 116 -2.5
742 55 -2.5
743 743 11
743 744 -2.5
743 324 -1.5
743 485 -2.5
743 987 -1.5
743 114 1.5
743 56 1.5
744 743 -2.5
744 744 11
744 324 1.5
744 487 -2.5
744 989 1.5
744 115 -1.5
744 56 -1.5
745 325 -2.5
745 745 11
745 746 1.5
745 998 -2.5
745 498 1.5
745 57 -1.5
745 118 -1.5
746 325 -1.5
746 745 1.5
746 746 11
746 999 -1.5
746 500 1.5
746 57 -2.5
746 119 -2.5
747 747 11
747 326 -2.5
747 748 -1.5
747 885 -2.5
747 495 -1.5
747 29 1.5
747 117 1.5
748 747 -1.5
748 326 1.5
748 748 11
748 499 -1.5
748 880 1.5
748 119 -2.5
748 29 -2.5
749 749 11
749 750 -2.5
749 327 -1.5
749 494 -2.5
749 994 -1.5
749 117 1.5
749 58 1.5
750 749 -2.5
750 750 11
750 327 1.5
750 496 -2.5
750 995 1.5
750 118 -1.5
750 58 -1.5
751 328 -2.5
751 751 11
751 752 1.5
751 1004 -2.5
751 507 1.5
751 59 -1.5
751 121 -1.5
752 328 -1.5
752 751 1.5
752 752 11
752 1006 -1.5
752 509 1.5
752 59 -2.5
752 122 -2.5
753 753 11
753 329 -2.5
753 754 -1.5
753 1002 -2.5
753 504 -1.5
753 60 1.5
753 120 1.5
754 753 -1.5
754 329 1.5
754 754 11
754 508 -1.5
754 1005 1.5
754 122 -2.5
754 60 -2.5
755 755 11
755 756 -2.5
755 330 -1.5
755 503 -2.5
755 881 -1.5
755 120 1.5
755 30 1.5
756 755 -2.5
756 756 11
756 330 1.5
756 505 -2.5
756 879 1.5
756 121 -1.5
756 30 -1.5
757 331 -0.5
757 757 7
757 758 0.5
757 898 -0.5
757 516 0.5
757 31 -0.5
757 124 -0.5
758 331 -0.5
758 757 0.5
758 758 7
758 896 -0.5
758 518 0.5
758 31 -0.5
758 125 -0.5
759 759 7
759 332 -0.5
759 760 -0.5
759 1012 -0.5
759 513 -0.5
759 61 0.5
759 123 0.5
760 759 -0.5
760 332 0.5
760 760 7
760 517 -0.5
760 1015 0.5
760 125 -0.5
760 61 -0.5
761 761 7
761 762 -0.5
761 333 -0.5
761 512 -0.5
761 1011 -0.5
761 123 0.5
761 62 0.5
762 761 -0.5
762 762 7
762 333 0.5
762 514 -0.5
762 1013 0.5
762 124 -0.5
762 62 -0.5
763 334 -0.5
763 763 7
763 764 0.5
763 982 -0.5
763 525 0.5
763 53 -0.5
763 127 -0.5
764 334 -0.5
764 763 0.5
764 764 7
764 980 -0.5
764 527 0.5
764 53 -0.5
764 128 -0.5
765 765 7
765 335 -0.5
765 766 -0.5
765 897 -0.5
765 522 -0.5
765 32 0.5
765 126 0.5
766 765 -0.5
766 335 0.5
766 766 7
766 526 -0.5
766 892 0.5
766 128 -0.5
766 32 -0.5
767 767 7
767 768 -0.5
767 336 -0.5
767 521 -0.5
767 1018 -0.5
767 126 0.5
767 63 0.5
768 767 -0.5
768 768 7
768 336 0.5
768 523 -0.5
768 1019 0.5
768 127 -0.5
768 63 -0.5
769 337 -0.5
769 769 7
769 770 0.5
769 975 -0.5
769 534 0.5
769 51 -0.5
769 130 -0.5
770 337 -0.5
770 769 0.5
770 770 7
770 974 -0.5
770 536 0.5
770 51 -0.5
770 131 -0.5
771 771 7
771 338 -0.5
771 772 -0.5
771 1022 -0.5
771 531 -0.5
771 64 0.5
771 129 0.5
772 771 -0.5
772 338 0.5
772 772 7
772 535 -0.5
772 1023 0.5
772 131 -0.5
772 64 -0.5
773 773 7
773 774 -0.5
773 339 -0.5
773 530 -0.5
773 893 -0.5
773 129 0.5
773 33 0.5
774 773 -0.5
774 774 7
774 339 0.5
774 532 -0.5
774 891 0.5
774 130 -0.5
774 33 -0.5
775 340 -0.5
775 775 7
775 776 0.5
775 910 -0.5
775 543 0.5
775 34 -0.5
775 133 -0.5
776 340 -0.5
776 775 0.5
776 776 7
776 908 -0.5
776 545 0.5
776 34 -0.5
776 134 -0.5
777 777 7
777 341 -0.5
777 778 -0.5
777 981 -0.5
777 540 -0.5
777 54 0.5
777 132 0.5
778 777 -0.5
778 341 0.5
778 778 7
778 544 -0.5
778 978 0.5
778 134 -0.5
778 54 -0.5
779 779 7
779 780 -0.5
779 342 -0.5
779 539 -0.5
779 1026 -0.5
779 132 0.5
779 65 0.5
780 779 -0.5
780 780 7
780 342 0.5
780 541 -0.5
780 1027 0.5
780 133 -0.5
780 65 -0.5
781 343 -0.5
781 781 7
781 782 0.5
781 1034 -0.5
781 552 0.5
781 66 -0.5
781 136 -0.5
782 343 -0.5
782 781 0.5
782 782 7
782 1035 -0.5
782 554 0.5
782 66 -0.5
782 137 -0.5
783 783 7
783 344 -0.5
783 784 -0.5
783 909 -0.5
783 549 -0.5
783 35 0.5
783 135 0.5
784 783 -0.5
784 344 0.5
784 784 7
784 553 -0.5
784 904 0.5
784 137 -0.5
784 35 -0.5
785 785 7
785 786 -0.5
785 345 -0.5
785 548 -0.5
785 1030 -0.5
785 135 0.5
785 67 0.5
786 785 -0.5
786 786 7
786 345 0.5
786 550 -0.5
786 1031 0.5
786 136 -0.5
786 67 -0.5
787 346 -0.5
787 787 7
787 788 0.5
787 1038 -0.5
787 561 0.5
787 68 -0.5
787 139 -0.5
788 346 -0.5
788 787 0.5
788 788 7
788 1039 -0.5
788 563 0.5
788 68 -0.5
788 140 -0.5
789 789 7
789 347 -0.5
789 790 -0.5
789 967 -0.5
789 558 -0.5
789 49 0.5
789 138 0.5
790 789 -0.5
790 347 0.5
790 790 7
790 562 -0.5
790 964 0.5
790 140 -0.5
790 49 -0.5
791 791 7
791 792 -0.5
791 348 -0.5
791 557 -0.5
791 905 -0.5
791 138 0.5
791 36 0.5
792 791 -0.5
792 792 7
792 348 0.5
792 559 -0.5
792 903 0.5
792 139 -0.5
792 36 -0.5
793 349 -0.5
793 793 7
793 794 0.5
793 922 -0.5
793 570 0.5
793 37 -0.5
793 142 -0.5
794 349 -0.5
794 793 0.5
794 794 7
794 920 -0.5
794 572 0.5
794 37 -0.5
794 143 -0.5
795 795 7
795 350 -0.5
795 796 -0.5
795 1042 -0.5
795 567 -0.5
795 69 0.5
795 141 0.5
796 795 -0.5
796 350 0.5
796 796 7
796 571 -0.5
796 1043 0.5
796 143 -0.5
796 69 -0.5
797 797 7
797 798 -0.5
797 351 -0.5
797 566 -0.5
797 971 -0.5
797 141 0.5
797 52 0.5
798 797 -0.5
798 798 7
798 351 0.5
798 568 -0.5
798 970 0.5
798 142 -0.5
798 52 -0.5
799 352 -0.5
799 799 7
799 800 0.5
799 1046 -0.5
799 579 0.5
799 70 -0.5
799 145 -0.5
800 352 -0.5
800 799 0.5
800 800 7
800 1047 -0.5
800 581 0.5
800 70 -0.5
800 146 -0.5
801 801 7
801 353 -0.5
801 802 -0.5
801 921 -0.5
801 576 -0.5
801 38 0.5
801 144 0.5
802 801 -0.5
802 353 0.5
802 802 7
802 580 -0.5
802 916 0.5
802 146 -0.5
802 38 -0.5
803 803 7
803 804 -0.5
803 354 -0.5
803 575 -0.5
803 965 -0.5
803 144 0.5
803 50 0.5
804 803 -0.5
804 804 7
804 354 0.5
804 577 -0.5
804 963 0.5
804 145 -0.5
804 50 -0.5
805 355 -0.5
805 805 7
805 806 0.5
805 1052 -0.5
805 588 0.5
805 71 -0.5
805 148 -0.5
806 355 -0.5
806 805 0.5
806 806 7
806 1054 -0.5
806 590 0.5
806 71 -0.5
806 149 -0.5
807 807 7
807 356 -0.5
807 808 -0.5
807 1050 -0.5
807 585 -0.5
807 72 0.5
807 147 0.5
808 807 -0.5
808 356 0.5
808 808 7
808 589 -0.5
808 1053 0.5
808 149 -0.5
808 72 -0.5
809 809 7
809 810 -0.5
809 357 -0.5
809 584 -0.5
809 917 -0.5
809 147 0.5
809 39 0.5
810 809 -0.5
810 810 7
810 357 0.5
810 586 -0.5
810 915 0.5
810 148 -0.5
810 39 -0.5
811 358 -2.5
811 811 11
811 812 1.5
811 934 -2.5
811 597 1.5
811 40 -1.5
811 151 -1.5
812 358 -1.5
812 811 1.5
812 812 11
812 932 -1.5
812 599 1.5
812 40 -2.5
812 152 -2.5
813 813 11
813 359 -2.5
813 814 -1.5
813 1034 -2.5
813 594 -1.5
813 66 1.5
813 150 1.5
814 813 -1.5
814 359 1.5
814 814 11
814 598 -1.5
814 1035 1.5
814 152 -2.5
814 66 -2.5
815 815 11
815 816 -2.5
815 360 -1.5
815 593 -2.5
815 1058 -1.5
815 150 1.5
815 73 1.5
816 815 -2.5
816 816 11
816 360 1.5
816 595 -2.5
816 1059 1.5
816 151 -1.5
816 73 -1.5
817 361 -2.5
817 817 11
817 818 1.5
817 1006 -2.5
817 606 1.5
817 59 -1.5
817 154 -1.5
818 361 -1.5
818 817 1.5
818 818 11
818 1004 -1.5
818 608 1.5
818 59 -2.5
818 155 -2.5
819 819 11
819 362 -2.5
819 820 -1.5
819 933 -2.5
819 603 -1.5
819 41 1.5
819 153 1.5
820 819 -1.5
820 362 1.5
820 820 11
820 607 -1.5
820 928 1.5
820 155 -2.5
820 41 -2.5
821 821 11
821 822 -2.5
821 363 -1.5
821 602 -2.5
821 1062 -1.5
821 153 1.5
821 74 1.5
822 821 -2.5
822 822 11
822 363 1.5
822 604 -2.5
822 1063 1.5
822 154 -1.5
822 74 -1.5
823 364 -2.5
823 823 11
823 824 1.5
823 999 -2.5
823 615 1.5
823 57 -1.5
823 157 -1.5
824 364 -1.5
824 823 1.5
824 824 11
824 998 -1.5
824 617 1.5
824 57 -2.5
824 158 -2.5
825 825 11
825 365 -2.5
825 826 -1.5
825 1038 -2.5
825 612 -1.5
825 68 1.5
825 156 1.5
826 825 -1.5
826 365 1.5
826 826 11
826 616 -1.5
826 1039 1.5
826 158 -2.5
826 68 -2.5
827 827 11
827 828 -2.5
827 366 -1.5
827 611 -2.5
827 929 -1.5
827 156 1.5
827 42 1.5
828 827 -2.5
828 828 11
828 366 1.5
828 613 -2.5
828 927 1.5
828 157 -1.5
828 42 -1.5
829 367 -2.5
829 829 11
829 830 1.5
829 946 -2.5
829 624 1.5
829 43 -1.5
829 160 -1.5
830 367 -1.5
830 829 1.5
830 830 11
830 944 -1.5
830 626 1.5
830 43 -2.5
830 161 -2.5
831 831 11
831 368 -2.5
831 832 -1.5
831 1005 -2.5
831 621 -1.5
831 60 1.5
831 159 1.5
832 831 -1.5
832 368 1.5
832 832 11
832 625 -1.5
832 1002 1.5
832 161 -2.5
832 60 -2.5
833 833 11
833 834 -2.5
833 369 -1.5
833 620 -2.5
833 1066 -1.5
833 159 1.5
833 75 1.5
834 833 -2.5
834 834 11
834 369 1.5
834 622 -2.5
834 1067 1.5
834 160 -1.5
834 75 -1.5
835 370 -2.5
835 835 11
835 836 1.5
835 1074 -2.5
835 633 1.5
835 76 -1.5
835 163 -1.5
836 370 -1.5
836 835 1.5
836 836 11
836 1075 -1.5
836 635 1.5
836 76 -2.5
836 164 -2.5
837 837 11
837 371 -2.5
837 838 -1.5
837 945 -2.5
837 630 -1.5
837 44 1.5
837 162 1.5
838 837 -1.5
838 371 1.5
838 838 11
838 634 -1.5
838 940 1.5
838 164 -2.5
838 44 -2.5
839 839 11
839 840 -2.5
839 372 -1.5
839 629 -2.5
839 1070 -1.5
839 162 1.5
839 77 1.5
840 839 -2.5
840 840 11
840 372 1.5
840 631 -2.5
840 1071 1.5
840 163 -1.5
840 77 -1.5
841 373 -2.5
841 841 11
841 842 1.5
841 1078 -2.5
841 642 1.5
841 78 -1.5
841 166 -1.5
842 373 -1.5
842 841 1.5
842 842 11
842 1079 -1.5
842 644 1.5
842 78 -2.5
842 167 -2.5
843 843 11
843 374 -2.5
843 844 -1.5
843 991 -2.5
843 639 -1.5
843 55 1.5
843 165 1.5
844 843 -1.5
844 374 1.5
844 844 11
844 643 -1.5
844 988 1.5
844 167 -2.5
844 55 -2.5
845 845 11
845 846 -2.5
845 375 -1.5
845 638 -2.5
845 941 -1.5
845 165 1.5
845 45 1.5
846 845 -2.5
846 846 11
846 375 1.5
846 640 -2.5
846 939 1.5
846 166 -1.5
846 45 -1.5
847 376 -2.5
847 847 11
847 848 1.5
847 958 -2.5
847 651 1.5
847 46 -1.5
847 169 -1.5
848 376 -1.5
848 847 1.5
848 848 11
848 956 -1.5
848 653 1.5
848 46 -2.5
848 170 -2.5
849 849 11
849 377 -2.5
849 850 -1.5
849 1046 -2.5
849 648 -1.5
849 70 1.5
849 168 1.5
850 849 -1.5
850 377 1.5
850 850 11
850 652 -1.5
850 1047 1.5
850 170 -2.5
850 70 -2.5
851 851 11
851 852 -2.5
851 378 -1.5
851 647 -2.5
851 995 -1.5
851 168 1.5
851 58 1.5
852 851 -2.5
852 852 11
852 378 1.5
852 649 -2.5
852 994 1.5
852 169 -1.5
852 58 -1.5
853 379 -2.5
853 853 11
853 854 1.5
853 1082 -2.5
853 660 1.5
853 79 -1.5
853 172 -1.5
854 379 -1.5
854 853 1.5
854 854 11
854 1083 -1.5
854 662 1.5
854 79 -2.5
854 173 -2.5
855 855 11
855 380 -2.5
855 856 -1.5
855 957 -2.5
855 657 -1.5
855 47 1.5
855 171 1.5
856 855 -1.5
856 380 1.5
856 856 11
856 661 -1.5
856 952 1.5
856 173 -2.5
856 47 -2.5
857 857 11
857 858 -2.5
857 381 -1.5
857 656 -2.5
857 989 -1.5
857 171 1.5
857 56 1.5
858 857 -2.5
858 858 11
858 381 1.5
858 658 -2.5
858 987 1.5
858 172 -1.5
858 56 -1.5
859 382 -2.5
859 859 11
859 860 1.5
859 1086 -2.5
859 669 1.5
859 80 -1.5
859 175 -1.5
860 382 -1.5
860 859 1.5
860 860 11
860 1087 -1.5
860 671 1.5
860 80 -2.5
860 176 -2.5
861 861 11
861 383 -2.5
861 862 -1.5
861 1052 -2.5
861 666 -1.5
861 71 1.5
861 174 1.5
862 861 -1.5
862 383 1.5
862 862 11
862 670 -1.5
862 1054 1.5
862 176 -2.5
862 71 -2.5
863 863 11
863 864 -2.5
863 384 -1.5
863 665 -2.5
863 953 -1.5
863 174 1.5
863 48 1.5
864 863 -2.5
864 864 11
864 384 1.5
864 667 -2.5
864 951 1.5
864 175 -1.5
864 48 -1.5
865 385 -0.5
865 865 7
865 866 0.5
865 976 -0.5
865 474 0.5
865 9 -0.5
865 177 -0.5
866 385 -0.5
866 865 0.5
866 866 7
866 979 -0.5
866 479 0.5
866 9 -0.5
866 178 -0.5
867 677 -0.5
867 386 0.5
867 867 7
867 478 -0.5
867 738 0.5
867 178 -0.5
867 27 -0.5
868 675 -0.5
868 868 7
868 387 0.5
868 472 -0.5
868 730 0.5
868 177 -0.5
868 26 -0.5
869 388 -0.5
869 678 0.5
869 869 7
869 737 -0.5
869 476 0.5
869 27 -0.5
869 180 -0.5
870 870 7
870 389 -0.5
870 871 -0.5
870 968 -0.5
870 465 -0.5
870 10 0.5
870 179 0.5
871 870 -0.5
871 389 0.5
871 871 7
871 475 -0.5
871 977 0.5
871 180 -0.5
871 10 -0.5
872 872 7
872 673 -0.5
872 390 -0.5
872 464 -0.5
872 722 -0.5
872 179 0.5
872 25 0.5
873 391 -0.5
873 873 7
873 676 0.5
873 729 -0.5
873 468 0.5
873 26 -0.5
873 182 -0.5
874 874 7
874 392 -0.5
874 674 -0.5
874 721 -0.5
874 462 -0.5
874 25 0.5
874 181 0.5
875 875 7
875 876 -0.5
875 393 -0.5
875 461 -0.5
875 966 -0.5
875 181 0.5
875 11 0.5
876 875 -0.5
876 876 7
876 393 0.5
876 466 -0.5
876 969 0.5
876 182 -0.5
876 11 -0.5
877 394 -2.5
877 877 11
877 878 1.5
877 1000 -2.5
877 501 1.5
877 12 -1.5
877 183 -1.5
878 394 -1.5
878 877 1.5
878 878 11
878 1003 -1.5
878 506 1.5
878 12 -2.5
878 184 -2.5
879 683 -1.5
879 395 1.5
879 879 11
879 505 -1.5
879 756 1.5
879 184 -2.5
879 30 -2.5
880 681 -2.5
880 880 11
880 396 1.5
880 499 -2.5
880 748 1.5
880 183 -1.5
880 29 -1.5
881 397 -1.5
881 684 1.5
881 881 11
881 755 -1.5
881 503 1.5
881 30 -2.5
881 186 -2.5
882 882 11
882 398 -2.5
882 883 -1.5
882 992 -2.5
882 492 -1.5
882 13 1.5
882 185 1.5
883 882 -1.5
883 398 1.5
883 883 11
883 502 -1.5
883 1001 1.5
883 186 -2.5
883 13 -2.5
884 884 11
884 679 -2.5
884 399 -1.5
884 491 -2.5
884 740 -1.5
884 185 1.5
884 28 1.5
885 400 -2.5
885 885 11
885 682 1.5
885 747 -2.5
885 495 1.5
885 29 -1.5
885 188 -1.5
886 886 11
886 401 -2.5
886 680 -1.5
886 739 -2.5
886 489 -1.5
886 28 1.5
886 187 1.5
887 887 11
887 888 -2.5
887 402 -1.5
887 488 -2.5
887 990 -1.5
887 187 1.5
887 14 1.5
888 887 -2.5
888 888 11
888 402 1.5
888 493 -2.5
888 993 1.5
888 188 -1.5
888 14 -1.5
889 403 -0.5
889 889 7
889 890 0.5
889 979 -0.5
889 528 0.5
889 9 -0.5
889 189 -0.5
890 403 -0.5
890 889 0.5
890 890 7
890 976 -0.5
890 533 0.5
890 9 -0.5
890 190 -0.5
891 689 -0.5
891 404 0.5
891 891 7
891 532 -0.5
891 774 0.5
891 190 -0.5
891 33 -0.5
892 687 -0.5
892 892 7
892 405 0.5
892 526 -0.5
892 766 0.5
892 189 -0.5
892 32 -0.5
893 406 -0.5
893 690 0.5
893 893 7
893 773 -0.5
893 530 0.5
893 33 -0.5
893 192 -0.5
894 894 7
894 407 -0.5
894 895 -0.5
894 1016 -0.5
894 519 -0.5
894 15 0.5
894 191 0.5
895 894 -0.5
895 407 0.5
895 895 7
895 529 -0.5
895 1021 0.5
895 192 -0.5
895 15 -0.5
896 896 7
896 685 -0.5
896 408 -0.5
896 518 -0.5
896 758 -0.5
896 191 0.5
896 31 0.5
897 409 -0.5
897 897 7
897 688 0.5
897 765 -0.5
897 522 0.5
897 32 -0.5
897 194 -0.5
898 898 7
898 410 -0.5
898 686 -0.5
898 757 -0.5
898 516 -0.5
898 31 0.5
898 193 0.5
899 899 7
899 900 -0.5
899 411 -0.5
899 515 -0.5
899 1014 -0.5
899 193 0.5
899 16 0.5
900 899 -0.5
900 900 7
900 411 0.5
900 520 -0.5
900 1017 0.5
900 194 -0.5
900 16 -0.5
901 412 -0.5
901 901 7
901 902 0.5
901 1036 -0.5
901 555 0.5
901 17 -0.5
901 195 -0.5
902 412 -0.5
902 901 0.5
902 902 7
902 1037 -0.5
902 560 0.5
902 17 -0.5
902 196 -0.5
903 695 -0.5
903 413 0.5
903 903 7
903 559 -0.5
903 792 0.5
903 196 -0.5
903 36 -0.5
904 693 -0.5
904 904 7
904 414 0.5
904 553 -0.5
904 784 0.5
904 195 -0.5
904 35 -0.5
905 415 -0.5
905 696 0.5
905 905 7
905 791 -0.5
905 557 0.5
905 36 -0.5
905 198 -0.5
906 906 7
906 416 -0.5
906 907 -0.5
906 977 -0.5
906 546 -0.5
906 10 0.5
906 197 0.5
907 906 -0.5
907 416 0.5
907 907 7
907 556 -0.5
907 968 0.5
907 198 -0.5
907 10 -0.5
908 908 7
908 691 -0.5
908 417 -0.5
908 545 -0.5
908 776 -0.5
908 197 0.5
908 34 0.5
909 418 -0.5
909 909 7
909 694 0.5
909 783 -0.5
909 549 0.5
909 35 -0.5
909 200 -0.5
910 910 7
910 419 -0.5
910 692 -0.5
910 775 -0.5
910 543 -0.5
910 34 0.5
910 199 0.5
911 911 7
911 912 -0.5
911 420 -0.5
911 542 -0.5
911 1028 -0.5
911 199 0.5
911 18 0.5
912 911 -0.5
912 912 7
912 420 0.5
912 547 -0.5
912 1029 0.5
912 200 -0.5
912 18 -0.5
913 421 -0.5
913 913 7
913 914 0.5
913 1048 -0.5
913 582 0.5
913 19 -0.5
913 201 -0.5
914 421 -0.5
914 913 0.5
914 914 7
914 1051 -0.5
914 587 0.5
914 19 -0.5
914 202 -0.5
915 701 -0.5
915 422 0.5
915 915 7
915 586 -0.5
915 810 0.5
915 202 -0.5
915 39 -0.5
916 699 -0.5
916 916 7
916 423 0.5
916 580 -0.5
916 802 0.5
916 201 -0.5
916 38 -0.5
917 424 -0.5
917 702 0.5
917 917 7
917 809 -0.5
917 584 0.5
917 39 -0.5
917 204 -0.5
918 918 7
918 425 -0.5
918 919 -0.5
918 1044 -0.5
918 573 -0.5
918 20 0.5
918 203 0.5
919 918 -0.5
919 425 0.5
919 919 7
919 583 -0.5
919 1049 0.5
919 204 -0.5
919 20 -0.5
920 920 7
920 697 -0.5
920 426 -0.5
920 572 -0.5
920 794 -0.5
920 203 0.5
920 37 0.5
921 427 -0.5
921 921 7
921 700 0.5
921 801 -0.5
921 576 0.5
921 38 -0.5
921 206 -0.5
922 922 7
922 428 -0.5
922 698 -0.5
922 793 -0.5
922 570 -0.5
922 37 0.5
922 205 0.5
923 923 7
923 924 -0.5
923 429 -0.5
923 569 -0.5
923 969 -0.5
923 205 0.5
923 11 0.5
924 923 -0.5
924 924 7
924 429 0.5
924 574 -0.5
924 966 0.5
924 206 -0.5
924 11 -0.5
925 430 -2.5
925 925 11
925 926 1.5
925 1003 -2.5
925 609 1.5
925 12 -1.5
925 207 -1.5
926 430 -1.5
926 925 1.5
926 926 11
926 1000 -1.5
926 614 1.5
926 12 -2.5
926 208 -2.5
927 707 -1.5
927 431 1.5
927 927 11
927 613 -1.5
927 828 1.5
927 208 -2.5
927 42 -2.5
928 705 -2.5
928 928 11
928 432 1.5
928 607 -2.5
928 820 1.5
928 207 -1.5
928 41 -1.5
929 433 -1.5
929 708 1.5
929 929 11
929 827 -1.5
929 611 1.5
929 42 -2.5
929 210 -2.5
930 930 11
930 434 -2.5
930 931 -1.5
930 1036 -2.5
930 600 -1.5
930 17 1.5
930 209 1.5
931 930 -1.5
931 434 1.5
931 931 11
931 610 -1.5
931 1037 1.5
931 210 -2.5
931 17 -2.5
932 932 11
932 703 -2.5
932 435 -1.5
932 599 -2.5
932 812 -1.5
932 209 1.5
932 40 1.5
933 436 -2.5
933 933 11
933 706 1.5
933 819 -2.5
933 603 1.5
933 41 -1.5
933 212 -1.5
934 934 11
934 437 -2.5
934 704 -1.5
934 811 -2.5
934 597 -1.5
934 40 1.5
934 211 1.5
935 935 11
935 936 -2.5
935 438 -1.5
935 596 -2.5
935 1060 -1.5
935 211 1.5
935 21 1.5
936 935 -2.5
936 936 11
936 438 1.5
936 601 -2.5
936 1061 1.5
936 212 -1.5
936 21 -1.5
937 439 -2.5
937 937 11
937 938 1.5
937 1076 -2.5
937 636 1.5
937 22 -1.5
937 213 -1.5
938 439 -1.5
938 937 1.5
938 938 11
938 1077 -1.5
938 641 1.5
938 22 -2.5
938 214 -2.5
939 713 -1.5
939 440 1.5
939 939 11
939 640 -1.5
939 846 1.5
939 214 -2.5
939 45 -2.5
940 711 -2.5
940 940 11
940 441 1.5
940 634 -2.5
940 838 1.5
940 213 -1.5
940 44 -1.5
941 442 -1.5
941 714 1.5
941 941 11
941 845 -1.5
941 638 1.5
941 45 -2.5
941 216 -2.5
942 942 11
942 443 -2.5
942 943 -1.5
942 1001 -2.5
942 627 -1.5
942 13 1.5
942 215 1.5
943 942 -1.5
943 443 1.5
943 943 11
943 637 -1.5
943 992 1.5
943 216 -2.5
943 13 -2.5
944 944 11
944 709 -2.5
944 444 -1.5
944 626 -2.5
944 830 -1.5
944 215 1.5
944 43 1.5
945 445 -2.5
945 945 11
945 712 1.5
945 837 -2.5
945 630 1.5
945 44 -1.5
945 218 -1.5
946 946 11
946 446 -2.5
946 710 -1.5
946 829 -2.5
946 624 -1.5
946 43 1.5
946 217 1.5
947 947 11
947 948 -2.5
947 447 -1.5
947 623 -2.5
947 1068 -1.5
947 217 1.5
947 23 1.5
948 947 -2.5
948 948 11
948 447 1.5
948 628 -2.5
948 1069 1.5
948 218 -1.5
948 23 -1.5
949 448 -2.5
949 949 11
949 950 1.5
949 1084 -2.5
949 663 1.5
949 24 -1.5
949 219 -1.5
950 448 -1.5
950 949 1.5
950 950 11
950 1085 -1.5
950 668 1.5
950 24 -2.5
950 220 -2.5
951 719 -1.5
951 449 1.5
951 951 11
951 667 -1.5
951 864 1.5
951 220 -2.5
951 48 -2.5
952 717 -2.5
952 952 11
952 450 1.5
952 661 -2.5
952 856 1.5
952 219 -1.5
952 47 -1.5
953 451 -1.5
953 720 1.5
953 953 11
953 863 -1.5
953 665 1.5
953 48 -2.5
953 222 -2.5
954 954 11
954 452 -2.5
954 955 -1.5
954 1048 -2.5
954 654 -1.5
954 19 1.5
954 221 1.5
955 954 -1.5
955 452 1.5
955 955 11
955 664 -1.5
955 1051 1.5
955 222 -2.5
955 19 -2.5
956 956 11
956 715 -2.5
956 453 -1.5
956 653 -2.5
956 848 -1.5
956 221 1.5
956 46 1.5
957 454 -2.5
957 957 11
957 718 1.5
957 855 -2.5
957 657 1.5
957 47 -1.5
957 224 -1.5
958 958 11
958 455 -2.5
958 716 -1.5
958 847 -2.5
958 651 -1.5
958 46 1.5
958 223 1.5
959 959 11
959 960 -2.5
959 456 -1.5
959 650 -2.5
959 993 -1.5
959 223 1.5
959 14 1.5
960 959 -2.5
960 960 11
960 456 1.5
960 655 -2.5
960 990 1.5
960 224 -1.5
960 14 -1.5
961 457 -0.5
961 961 7
961 962 0.5
961 1040 -0.5
961 564 0.5
961 4 -0.5
961 225 -0.5
962 457 -0.5
962 961 0.5
962 962 7
962 1045 -0.5
962 578 0.5
962 4 -0.5
962 226 -0.5
963 725 -0.5
963 458 0.5
963 963 7
963 577 -0.5
963 804 0.5
963 226 -0.5
963 50 -0.5
964 723 -0.5
964 964 7
964 459 0.5
964 562 -0.5
964 790 0.5
964 225 -0.5
964 49 -0.5
965 460 -0.5
965 726 0.5
965 965 7
965 803 -0.5
965 575 0.5
965 50 -0.5
965 227 -0.5
966 875 -0.5
966 461 0.5
966 966 7
966 574 -0.5
966 924 0.5
966 227 -0.5
966 11 -0.5
967 463 -0.5
967 967 7
967 724 0.5
967 789 -0.5
967 558 0.5
967 49 -0.5
967 228 -0.5
968 870 -0.5
968 968 7
968 465 0.5
968 556 -0.5
968 907 0.5
968 228 -0.5
968 10 -0.5
969 466 -0.5
969 876 0.5
969 969 7
969 923 -0.5
969 569 0.5
969 11 -0.5
969 229 -0.5
970 731 -0.5
970 467 0.5
970 970 7
970 568 -0.5
970 798 0.5
970 229 -0.5
970 52 -0.5
971 469 -0.5
971 732 0.5
971 971 7
971 797 -0.5
971 566 0.5
971 52 -0.5
971 231 -0.5
972 972 7
972 470 -0.5
972 973 -0.5
972 1024 -0.5
972 537 -0.5
972 5 0.5
972 230 0.5
973 972 -0.5
973 470 0.5
973 973 7
973 565 -0.5
973 1041 0.5
973 231 -0.5
973 5 -0.5
974 974 7
974 727 -0.5
974 471 -0.5
974 536 -0.5
974 770 -0.5
974 230 0.5
974 51 0.5
975 975 7
975 473 -0.5
975 728 -0.5
975 769 -0.5
975 534 -0.5
975 51 0.5
975 232 0.5
976 976 7
976 865 -0.5
976 474 -0.5
976 533 -0.5
976 890 -0.5
976 232 0.5
976 9 0.5
977 475 -0.5
977 977 7
977 871 0.5
977 906 -0.5
977 546 0.5
977 10 -0.5
977 233 -0.5
978 735 -0.5
978 978 7
978 477 0.5
978 544 -0.5
978 778 0.5
978 233 -0.5
978 54 -0.5
979 979 7
979 479 -0.5
979 866 -0.5
979 889 -0.5
979 528 -0.5
979 9 0.5
979 234 0.5
980 980 7
980 733 -0.5
980 480 -0.5
980 527 -0.5
980 764 -0.5
980 234 0.5
980 53 0.5
981 481 -0.5
981 981 7
981 736 0.5
981 777 -0.5
981 540 0.5
981 54 -0.5
981 236 -0.5
982 982 7
982 482 -0.5
982 734 -0.5
982 763 -0.5
982 525 -0.5
982 53 0.5
982 235 0.5
983 983 7
983 984 -0.5
983 483 -0.5
983 524 -0.5
983 1020 -0.5
983 235 0.5
983 6 0.5
984 983 -0.5
984 984 7
984 483 0.5
984 538 -0.5
984 1025 0.5
984 236 -0.5
984 6 -0.5
985 484 -2.5
985 985 11
985 986 1.5
985 1080 -2.5
985 645 1.5
985 7 -1.5
985 237 -1.5
986 484 -1.5
986 985 1.5
986 986 11
986 1081 -1.5
986 659 1.5
986 7 -2.5
986 238 -2.5
987 743 -1.5
987 485 1.5
987 987 11
987 658 -1.5
987 858 1.5
987 238 -2.5
987 56 -2.5
988 741 -2.5
988 988 11
988 486 1.5
988 643 -2.5
988 844 1.5
988 237 -1.5
988 55 -1.5
989 487 -1.5
989 744 1.5
989 989 11
989 857 -1.5
989 656 1.5
989 56 -2.5
989 239 -2.5
990 887 -1.5
990 488 1.5
990 990 11
990 655 -1.5
990 960 1.5
990 239 -2.5
990 14 -2.5
991 490 -2.5
991 991 11
991 742 1.5
991 843 -2.5
991 639 1.5
991 55 -1.5
991 240 -1.5
992 882 -2.5
992 992 11
992 492 1.5
992 637 -2.5
992 943 1.5
992 240 -1.5
992 13 -1.5
993 493 -1.5
993 888 1.5
993 993 11
993 959 -1.5
993 650 1.5
993 14 -2.5
993 241 -2.5
994 749 -1.5
994 494 1.5
994 994 11
994 649 -1.5
994 852 1.5
994 241 -2.5
994 58 -2.5
995 496 -1.5
995 750 1.5
995 995 11
995 851 -1.5
995 647 1.5
995 58 -2.5
995 243 -2.5
996 996 11
996 497 -2.5
996 997 -1.5
996 1040 -2.5
996 618 -1.5
996 4 1.5
996 242 1.5
997 996 -1.5
997 497 1.5
997 997 11
997 646 -1.5
997 1045 1.5
997 243 -2.5
997 4 -2.5
998 998 11
998 745 -2.5
998 498 -1.5
998 617 -2.5
998 824 -1.5
998 242 1.5
998 57 1.5
999 999 11
999 500 -2.5
999 746 -1.5
999 823 -2.5
999 615 -1.5
999 57 1.5
999 244 1.5
1000 1000 11
1000 877 -2.5
1000 501 -1.5
1000 614 -2.5
1000 926 -1.5
1000 244 1.5
1000 12 1.5
1001 502 -2.5
1001 1001 11
1001 883 1.5
1001 942 -2.5
1001 627 1.5
1001 13 -1.5
1001 245 -1.5
1002 753 -2.5
1002 1002 11
1002 504 1.5
1002 625 -2.5
1002 832 1.5
1002 245 -1.5
1002 60 -1.5
1003 1003 11
1003 506 -2.5
1003 878 -1.5
1003 925 -2.5
1003 609 -1.5
1003 12 1.5
1003 246 1.5
1004 1004 11
1004 751 -2.5
1004 507 -1.5
1004 608 -2.5
1004 818 -1.5
1004 246 1.5
1004 59 1.5
1005 508 -2.5
1005 1005 11
1005 754 1.5
1005 831 -2.5
1005 621 1.5
1005 60 -1.5
1005 248 -1.5
1006 1006 11
1006 509 -2.5
1006 752 -1.5
1006 817 -2.5
1006 606 -1.5
1006 59 1.5
1006 247 1.5
1007 1007 11
1007 1008 -2.5
1007 510 -1.5
1007 605 -2.5
1007 1064 -1.5
1007 247 1.5
1007 8 1.5
1008 1007 -2.5
1008 1008 11
1008 510 1.5
1008 619 -2.5
1008 1065 1.5
1008 248 -1.5
1008 8 -1.5
1009 511 -0.5
1009 1009 3.5
1009 1010 0.5
1009 0 -0.25
1009 249 -0.25
1010 511 -0.5
1010 1009 0.5
1010 1010 3.5
1010 0 -0.25
1010 250 -0.25
1011 761 -0.5
1011 512 0.5
1011 1011 3.5
1011 250 -0.25
1011 62 -0.25
1012 759 -0.5
1012 1012 3.5
1012 513 0.5
1012 249 -0.25
1012 61 -0.25
1013 514 -0.5
1013 762 0.5
1013 1013 3.5
1013 62 -0.25
1013 251 -0.25
1014 899 -0.5
1014 515 0.5
1014 1014 3.5
1014 251 -0.25
1014 16 -0.25
1015 517 -0.5
1015 1015 3.5
1015 760 0.5
1015 61 -0.25
1015 252 -0.25
1016 894 -0.5
1016 1016 3.5
1016 519 0.5
1016 252 -0.25
1016 15 -0.25
1017 520 -0.5
1017 900 0.5
1017 1017 3.5
1017 16 -0.25
1017 253 -0.25
1018 767 -0.5
1018 521 0.5
1018 1018 3.5
1018 253 -0.25
1018 63 -0.25
1019 523 -0.5
1019 768 0.5
1019 1019 3.5
1019 63 -0.25
1019 254 -0.25
1020 983 -0.5
1020 524 0.5
1020 1020 3.5
1020 254 -0.25
1020 6 -0.25
1021 529 -0.5
1021 1021 3.5
1021 895 0.5
1021 15 -0.25
1021 255 -0.25
1022 771 -0.5
1022 1022 3.5
1022 531 0.5
1022 255 -0.25
1022 64 -0.25
1023 535 -0.5
1023 1023 3.5
1023 772 0.5
1023 64 -0.25
1023 256 -0.25
1024 972 -0.5
1024 1024 3.5
1024 537 0.5
1024 256 -0.25
1024 5 -0.25
1025 538 -0.5
1025 984 0.5
1025 1025 3.5
1025 6 -0.25
1025 257 -0.25
1026 779 -0.5
1026 539 0.5
1026 1026 3.5
1026 257 -0.25
1026 65 -0.25
1027 541 -0.5
1027 780 0.5
1027 1027 3.5
1027 65 -0.25
1027 258 -0.25
1028 911 -0.5
1028 542 0.5
1028 1028 3.5
1028 258 -0.25
1028 18 -0.25
1029 547 -0.5
1029 912 0.5
1029 1029 3.5
1029 18 -0.25
1029 259 -0.25
1030 785 -0.5
1030 548 0.5
1030 1030 3.5
1030 259 -0.25
1030 67 -0.25
1031 550 -0.5
1031 786 0.5
1031 1031 3.5
1031 67 -0.25
1031 261 -0.25
1032 1032 9
1032 551 -0.5
1032 1033 -0.5
1032 592 -2.5
1032 1057 1.5
1032 1 -0.5
1032 260 -0.5
1033 1032 -0.5
1033 551 0.5
1033 1033 3.5
1033 261 -0.25
1033 1 -0.25
1034 1034 9
1034 781 -0.5
1034 552 -0.5
1034 813 -2.5
1034 594 1.5
1034 260 -0.5
1034 66 -0.5
1035 1035 9
1035 554 -0.5
1035 782 -0.5
1035 598 -2.5
1035 814 1.5
1035 66 -0.5
1035 262 -0.5
1036 1036 9
1036 901 -0.5
1036 555 -0.5
1036 930 -2.5
1036 600 1.5
1036 262 -0.5
1036 17 -0.5
1037 1037 9
1037 560 -0.5
1037 902 -0.5
1037 610 -2.5
1037 931 1.5
1037 17 -0.5
1037 263 -0.5
1038 1038 9
1038 787 -0.5
1038 561 -0.5
1038 825 -2.5
1038 612 1.5
1038 263 -0.5
1038 68 -0.5
1039 1039 9
1039 563 -0.5
1039 788 -0.5
1039 616 -2.5
1039 826 1.5
1039 68 -0.5
1039 264 -0.5
1040 1040 9
1040 961 -0.5
1040 564 -0.5
1040 996 -2.5
1040 618 1.5
1040 264 -0.5
1040 4 -0.5
1041 565 -0.5
1041 1041 3.5
1041 973 0.5
1041 5 -0.25
1041 265 -0.25
1042 795 -0.5
1042 1042 3.5
1042 567 0.5
1042 265 -0.25
1042 69 -0.25
1043 571 -0.5
1043 1043 3.5
1043 796 0.5
1043 69 -0.25
1043 266 -0.25
1044 918 -0.5
1044 1044 3.5
1044 573 0.5
1044 266 -0.25
1044 20 -0.25
1045 1045 9
1045 578 -0.5
1045 962 -0.5
1045 646 -2.5
1045 997 1.5
1045 4 -0.5
1045 267 -0.5
1046 1046 9
1046 799 -0.5
1046 579 -0.5
1046 849 -2.5
1046 648 1.5
1046 267 -0.5
1046 70 -0.5
1047 1047 9
1047 581 -0.5
1047 800 -0.5
1047 652 -2.5
1047 850 1.5
1047 70 -0.5
1047 268 -0.5
1048 1048 9
1048 913 -0.5
1048 582 -0.5
1048 954 -2.5
1048 654 1.5
1048 268 -0.5
1048 19 -0.5
1049 583 -0.5
1049 1049 3.5
1049 919 0.5
1049 20 -0.25
1049 269 -0.25
1050 807 -0.5
1050 1050 3.5
1050 585 0.5
1050 269 -0.25
1050 72 -0.25
1051 1051 9
1051 587 -0.5
1051 914 -0.5
1051 664 -2.5
1051 955 1.5
1051 19 -0.5
1051 270 -0.5
1052 1052 9
1052 805 -0.5
1052 588 -0.5
1052 861 -2.5
1052 666 1.5
1052 270 -0.5
1052 71 -0.5
1053 589 -0.5
1053 1053 3.5
1053 808 0.5
1053 72 -0.25
1053 272 -0.25
1054 1054 9
1054 590 -0.5
1054 806 -0.5
1054 670 -2.5
1054 862 1.5
1054 71 -0.5
1054 271 -0.5
1055 1055 9
1055 1056 -0.5
1055 591 -0.5
1055 1088 -2.5
1055 672 1.5
1055 271 -0.5
1055 2 -0.5
1056 1055 -0.5
1056 1056 3.5
1056 591 0.5
1056 272 -0.25
1056 2 -0.25
1057 592 -1.5
1057 1032 1.5
1057 1057 5.5
1057 1 -1.25
1057 273 -1.25
1058 815 -1.5
1058 593 1.5
1058 1058 5.5
1058 273 -1.25
1058 73 -1.25
1059 595 -1.5
1059 816 1.5
1059 1059 5.5
1059 73 -1.25
1059 274 -1.25
1060 935 -1.5
1060 596 1.5
1060 1060 5.5
1060 274 -1.25
1060 21 -1.25
1061 601 -1.5
1061 936 1.5
1061 1061 5.5
1061 21 -1.25
1061 275 -1.25
1062 821 -1.5
1062 602 1.5
1062 1062 5.5
1062 275 -1.25
1062 74 -1.25
1063 604 -1.5
1063 822 1.5
1063 1063 5.5
1063 74 -1.25
1063 276 -1.25
1064 1007 -1.5
1064 605 1.5
1064 1064 5.5
1064 276 -1.25
1064 8 -1.25
1065 619 -1.5
1065 1008 1.5
1065 1065 5.5
1065 8 -1.25
1065 277 -1.25
1066 833 -1.5
1066 620 1.5
1066 1066 5.5
1066 277 -1.25
1066 75 -1.25
1067 622 -1.5
1067 834 1.5
1067 1067 5.5
1067 75 -1.25
1067 278 -1.25
1068 947 -1.5
1068 623 1.5
1068 1068 5.5
1068 278 -1.25
1068 23 -1.25
1069 628 -1.5
1069 948 1.5
1069 1069 5.5
1069 23 -1.25
1069 279 -1.25
1070 839 -1.5
1070 629 1.5
1070 1070 5.5
1070 279 -1.25
1070 77 -1.25
1071 631 -1.5
1071 840 1.5
1071 1071 5.5
1071 77 -1.25
1071 281 -1.25
1072 1072 5.5
1072 632 -2.5
1072 1073 -1.5
1072 3 0.75
1072 280 0.75
1073 1072 -1.5
1073 632 1.5
1073 1073 5.5
1073 281 -1.25
1073 3 -1.25
1074 1074 5.5
1074 835 -2.5
1074 633 -1.5
1074 280 0.75
1074 76 0.75
1075 1075 5.5
1075 635 -2.5
1075 836 -1.5
1075 76 0.75
1075 282 0.75
1076 1076 5.5
1076 937 -2.5
1076 636 -1.5
1076 282 0.75
1076 22 0.75
1077 1077 5.5
1077 641 -2.5
1077 938 -1.5
1077 22 0.75
1077 283 0.75
1078 1078 5.5
1078 841 -2.5
1078 642 -1.5
1078 283 0.75
1078 78 0.75
1079 1079 5.5
1079 644 -2.5
1079 842 -1.5
1079 78 0.75
1079 284 0.75
1080 1080 5.5
1080 985 -2.5
1080 645 -1.5
1080 284 0.75
1080 7 0.75
1081 1081 5.5
1081 659 -2.5
1081 986 -1.5
1081 7 0.75
1081 285 0.75
1082 1082 5.5
1082 853 -2.5
1082 660 -1.5
1082 285 0.75
1082 79 0.75
1083 1083 5.5
1083 662 -2.5
1083 854 -1.5
1083 79 0.75
1083 286 0.75
1084 1084 5.5
1084 949 -2.5
1084 663 -1.5
1084 286 0.75
1084 24 0.75
1085 1085 5.5
1085 668 -2.5
1085 950 -1.5
1085 24 0.75
1085 287 0.75
1086 1086 5.5
1086 859 -2.5
1086 669 -1.5
1086 287 0.75
1086 80 0.75
1087 1087 5.5
1087 671 -2.5
1087 860 -1.5
1087 80 0.75
1087 288 0.75
1088 1088 5.5
1088 1055 -2.5
1088 672 -1.5
1088 288 0.75
1088 2 0.75
