0.0069519 0.00695137 0.00695085
0.00707756 0.0070769 0.00707624
0.00694099 0.00694047 0.00693994
0.00593653 0.00593584 0.00593514
0.00729903 0.00729842 0.00729782
0.00710519 0.00710464 0.00710408
0.00714784 0.00714725 0.00714667
0.0072157 0.00721505 0.0072144
0.00668759 0.00668685 0.00668611
0.0071994 0.00719883 0.00719825
0.00726635 0.00726575 0.00726515
0.00723475 0.00723417 0.00723359
0.00719265 0.00719198 0.00719131
0.00703969 0.00703898 0.00703827
0.00729412 0.0072935 0.00729287
0.00706948 0.00706893 0.00706838
0.00708055 0.00708 0.00707944
0.00726594 0.00726531 0.00726467
0.00714942 0.00714881 0.00714819
0.00718765 0.00718708 0.00718651
0.00706038 0.00705984 0.00705929
0.00692683 0.00692612 0.00692541
0.00679952 0.00679878 0.00679804
0.00635611 0.00635537 0.00635462
0.00724733 0.00724675 0.00724616
0.00726876 0.00726817 0.00726758
0.00722754 0.00722697 0.00722639
0.00724101 0.00724043 0.00723984
0.00721552 0.00721486 0.00721419
0.00726279 0.00726215 0.0072615
0.00712661 0.00712592 0.00712523
0.00709307 0.00709252 0.00709197
0.00715031 0.00714975 0.00714918
0.00714203 0.00714147 0.00714091
0.00722682 0.00722621 0.0072256
0.00721861 0.00721799 0.00721736
0.00727486 0.00727425 0.00727363
0.00716502 0.00716446 0.00716389
0.00722129 0.00722071 0.00722014
0.00713224 0.00713169 0.00713113
0.00714681 0.00714614 0.00714547
0.00708146 0.00708077 0.00708008
0.00723879 0.00723815 0.0072375
0.00675581 0.00675506 0.00675431
0.00660147 0.00660071 0.00659996
0.00693094 0.00693021 0.00692948
0.00728346 0.00728287 0.00728227
0.0072885 0.00728789 0.00728729
0.00722615 0.00722557 0.00722499
0.00729343 0.00729283 0.00729222
0.00727529 0.0072747 0.00727411
0.00717029 0.00716973 0.00716916
0.00717787 0.00717731 0.00717674
0.00719204 0.00719146 0.00719089
0.00721774 0.00721714 0.00721655
0.00714841 0.00714772 0.00714704
0.00726442 0.00726378 0.00726314
0.00729106 0.00729043 0.0072898
0.00730547 0.00730486 0.00730424
0.00699511 0.0069944 0.00699368
0.00688682 0.00688609 0.00688536
0.00702092 0.00702038 0.00701984
0.00702371 0.00702317 0.00702263
0.0071221 0.00712153 0.00712096
0.00709756 0.00709701 0.00709646
0.00715718 0.00715659 0.00715599
0.00719226 0.00719162 0.00719097
0.00712357 0.00712294 0.0071223
0.00730106 0.00730044 0.00729983
0.00709263 0.00709208 0.00709153
0.00726092 0.00726033 0.00725975
0.00708024 0.00707969 0.00707914
0.00700924 0.0070087 0.00700816
0.00701317 0.00701248 0.0070118
0.00681851 0.00681779 0.00681706
0.00653351 0.00653276 0.00653202
0.00642358 0.00642283 0.00642208
0.00615604 0.00615531 0.00615458
0.00706054 0.00705984 0.00705914
0.00727558 0.00727497 0.00727435
0.00713452 0.00713396 0.0071334
0.00723884 0.00723826 0.00723767
0.00725754 0.00725695 0.00725637
0.00725019 0.0072496 0.00724902
0.00720695 0.00720628 0.00720561
0.00717623 0.00717555 0.00717487
0.00724158 0.00724093 0.00724027
0.00715071 0.00715015 0.00714959
0.00712013 0.00711957 0.00711901
0.0071236 0.00712304 0.00712248
0.00725152 0.0072509 0.00725028
0.00725356 0.00725295 0.00725234
0.00722493 0.00722431 0.00722369
0.00718109 0.00718052 0.00717995
0.00715108 0.00715052 0.00714996
0.0071952 0.00719463 0.00719406
0.00717261 0.00717194 0.00717127
0.0071979 0.00719724 0.00719658
0.00711669 0.00711601 0.00711533
0.00678072 0.00677997 0.00677923
0.0068492 0.00684846 0.00684772
0.00668158 0.00668082 0.00668007
0.00726792 0.00726733 0.00726674
0.00725916 0.00725857 0.00725798
0.0072882 0.0072876 0.007287
0.00728889 0.0072883 0.0072877
0.00727466 0.00727407 0.00727348
0.00728319 0.00728259 0.007282
0.0072072 0.00720662 0.00720605
0.00717666 0.00717609 0.00717553
0.00720089 0.00720032 0.00719975
0.007234 0.00723341 0.00723282
0.00721917 0.00721859 0.00721801
0.00720693 0.00720634 0.00720576
0.00721841 0.00721775 0.0072171
0.00724482 0.00724417 0.00724352
0.0071845 0.00718383 0.00718315
0.00729533 0.0072947 0.00729407
0.00730289 0.00730227 0.00730165
0.00727925 0.00727861 0.00727798
0.00702038 0.00701967 0.00701895
0.00706635 0.00706564 0.00706494
0.00694376 0.00694304 0.00694231
0.00702677 0.00702623 0.00702569
0.00706091 0.00706036 0.00705982
0.00705882 0.00705827 0.00705773
0.00714078 0.00714022 0.00713965
0.00715967 0.00715909 0.00715852
0.00717315 0.00717258 0.007172
0.0071243 0.00712374 0.00712318
0.00715875 0.00715819 0.00715763
0.00713583 0.00713527 0.00713471
0.00719215 0.00719155 0.00719096
0.00719467 0.00719407 0.00719347
0.00722439 0.00722379 0.00722319
0.00717601 0.00717538 0.00717475
0.00716062 0.00715997 0.00715933
0.00720777 0.00720713 0.0072065
0.00728879 0.00728818 0.00728757
0.00729069 0.00729008 0.00728946
0.00729941 0.0072988 0.00729819
0.00713965 0.00713909 0.00713853
0.00717397 0.00717341 0.00717284
0.00713081 0.00713025 0.00712969
0.00725272 0.00725214 0.00725156
0.00727069 0.0072701 0.00726951
0.00724321 0.00724263 0.00724205
0.0070749 0.00707436 0.00707381
0.0071086 0.00710804 0.00710749
0.00704682 0.00704628 0.00704574
0.00711526 0.0071146 0.00711394
0.00708528 0.00708461 0.00708393
0.00717196 0.0071713 0.00717064
0.00696391 0.00696319 0.00696248
0.00691259 0.00691186 0.00691114
0.00704097 0.00704027 0.00703957
0.00728127 0.00728064 0.00728001
0.00726976 0.00726912 0.00726849
0.0072983 0.00729768 0.00729705
0.00672476 0.00672401 0.00672326
0.0066506 0.00664984 0.00664909
0.0068242 0.00682346 0.00682271
0.00639293 0.00639218 0.00639143
0.00629543 0.00629469 0.00629395
0.00651546 0.00651471 0.00651395
0.00705306 0.00705235 0.00705165
0.00700129 0.00700057 0.00699985
0.00710713 0.00710643 0.00710574
0.00729386 0.00729326 0.00729266
0.00729894 0.00729834 0.00729773
0.00727435 0.00727376 0.00727317
0.00728751 0.00728689 0.00728627
0.00727459 0.00727397 0.00727334
0.00728431 0.00728371 0.0072831
0.00716347 0.00716291 0.00716234
0.00718456 0.00718399 0.00718342
0.00710948 0.00710893 0.00710837
0.0072161 0.00721552 0.00721494
0.00722221 0.00722163 0.00722105
0.00727215 0.00727155 0.00727096
0.00725575 0.00725516 0.00725456
0.00725626 0.00725568 0.00725509
0.00723375 0.00723317 0.0072326
0.00723271 0.00723205 0.00723139
0.00716218 0.0071615 0.00716082
0.00714042 0.00713973 0.00713904
0.00708582 0.00708512 0.00708442
0.00726638 0.00726573 0.00726509
0.00728318 0.00728255 0.00728191
0.00717746 0.00717689 0.00717632
0.00717265 0.00717208 0.00717152
0.00708578 0.00708523 0.00708468
0.00710761 0.00710706 0.0071065
0.00709134 0.00709079 0.00709023
0.00711799 0.00711743 0.00711687
0.00724504 0.00724441 0.00724378
0.00727262 0.007272 0.00727138
0.00725127 0.00725067 0.00725006
0.00727274 0.00727214 0.00727153
0.0071929 0.00719229 0.00719168
0.00718672 0.0071861 0.00718548
0.00720695 0.00720638 0.00720581
0.00716203 0.00716147 0.00716091
0.00711701 0.00711645 0.0071159
0.00709834 0.00709779 0.00709724
0.00720431 0.00720373 0.00720316
0.00723058 0.00723 0.00722942
0.00714234 0.00714165 0.00714097
0.00721815 0.00721749 0.00721683
0.00721834 0.00721769 0.00721704
0.00725469 0.00725405 0.00725341
0.00705015 0.00704947 0.00704878
0.00700973 0.00700903 0.00700833
0.0067064 0.00670565 0.0067049
0.00686811 0.00686737 0.00686664
0.00691191 0.00691118 0.00691044
0.0069881 0.00698738 0.00698666
0.00657057 0.00656982 0.00656906
0.00648467 0.00648392 0.00648317
0.00727229 0.00727169 0.0072711
0.00723893 0.00723835 0.00723777
0.00724604 0.00724546 0.00724488
0.00720904 0.00720847 0.00720789
0.00729962 0.00729901 0.0072984
0.00729583 0.00729522 0.0072946
0.0072989 0.0072983 0.00729769
0.00728929 0.00728869 0.0072881
0.00725709 0.00725651 0.00725593
0.00728258 0.00728198 0.00728138
0.00720832 0.00720775 0.00720718
0.00714221 0.00714165 0.00714109
0.00714347 0.00714291 0.00714235
0.00718938 0.00718881 0.00718824
0.00724473 0.00724413 0.00724353
0.0072003 0.00719973 0.00719915
0.00717457 0.00717399 0.00717341
0.00718542 0.00718483 0.00718425
0.00718706 0.00718639 0.00718572
0.00724248 0.00724184 0.00724119
0.0072816 0.00728097 0.00728034
0.0070994 0.0070987 0.007098
0.00730205 0.00730143 0.00730082
0.00730597 0.00730535 0.00730474
0.00730444 0.00730383 0.00730322
0.00725361 0.00725296 0.00725231
0.00696894 0.00696821 0.00696749
0.00710696 0.00710627 0.00710557
0.00685568 0.00685495 0.00685422
0.0067931 0.00679236 0.00679162
0.006989 0.00698847 0.00698794
0.0069897 0.00698917 0.00698864
0.00705401 0.00705346 0.00705292
0.00704775 0.00704721 0.00704667
0.00710327 0.00710271 0.00710215
0.00713698 0.0071364 0.00713583
0.00708608 0.00708553 0.00708498
0.00710392 0.00710337 0.00710281
0.0071546 0.00715401 0.00715342
0.00715549 0.00715489 0.00715428
0.00713884 0.00713821 0.00713759
0.00714036 0.00713971 0.00713906
0.00710336 0.00710272 0.00710207
0.00723402 0.00723338 0.00723275
0.00728822 0.0072876 0.00728697
0.00730461 0.007304 0.0073034
0.00710141 0.00710085 0.0071003
0.00707892 0.00707837 0.00707783
0.00728442 0.00728383 0.00728324
0.00722862 0.00722804 0.00722747
0.00703711 0.00703657 0.00703602
0.00713814 0.00713758 0.00713702
0.00701423 0.0070137 0.00701316
0.00697698 0.00697645 0.00697592
0.00704818 0.00704751 0.00704684
0.00697271 0.00697202 0.00697132
0.00687545 0.00687474 0.00687402
0.00675592 0.00675519 0.00675445
0.00661347 0.00661272 0.00661198
0.00644771 0.00644697 0.00644622
0.00625881 0.00625807 0.00625734
0.00619233 0.00619159 0.00619086
0.00604825 0.00604753 0.00604682
0.0066262 0.00662545 0.00662469
0.00694396 0.00694323 0.00694251
0.00715065 0.00714997 0.00714929
0.007257 0.00725637 0.00725574
0.00727219 0.00727159 0.00727099
0.00720134 0.00720077 0.0072002
0.00704725 0.00704671 0.00704617
0.007255 0.00725442 0.00725383
0.00724517 0.00724459 0.00724401
0.0072487 0.00724811 0.00724753
0.00721195 0.00721128 0.00721062
0.00722552 0.00722485 0.00722419
0.00719222 0.00719154 0.00719087
0.00712299 0.00712244 0.00712188
0.0071378 0.00713724 0.00713668
0.0071359 0.00713534 0.00713478
0.00724043 0.00723982 0.00723921
0.0072389 0.00723829 0.00723767
0.00725309 0.00725247 0.00725186
0.00717423 0.00717366 0.0071731
0.00718877 0.0071882 0.00718763
0.0071666 0.00716603 0.00716547
0.00716042 0.00715976 0.00715909
0.00714596 0.00714529 0.00714461
0.00718587 0.0071852 0.00718454
0.00676903 0.00676828 0.00676753
0.00673263 0.00673188 0.00673113
0.00681569 0.00681494 0.0068142
0.00727633 0.00727574 0.00727514
0.00727916 0.00727856 0.00727797
0.00726409 0.0072635 0.00726291
0.00728006 0.00727947 0.00727888
0.00728671 0.00728611 0.00728552
0.0072823 0.00728171 0.00728112
0.0071899 0.00718933 0.00718876
0.00720469 0.00720412 0.00720355
0.00719242 0.00719185 0.00719128
0.00721421 0.00721362 0.00721304
0.00722113 0.00722054 0.00721995
0.0072271 0.00722651 0.00722592
0.00721767 0.00721701 0.00721635
0.00720271 0.00720204 0.00720137
0.00723223 0.00723157 0.00723092
0.00729388 0.00729325 0.00729262
0.00728847 0.00728784 0.0072872
0.00729968 0.00729905 0.00729843
0.00700849 0.00700777 0.00700706
0.00698349 0.00698277 0.00698205
0.00704404 0.00704333 0.00704262
0.00706099 0.00706044 0.00705989
0.00704343 0.00704288 0.00704234
0.0070443 0.00704375 0.00704321
0.00716756 0.00716698 0.00716641
0.00715761 0.00715704 0.00715647
0.00715072 0.00715015 0.00714958
0.00714842 0.00714785 0.00714729
0.00713071 0.00713015 0.00712959
0.007142 0.00714144 0.00714088
0.00721071 0.00721011 0.00720951
0.00720894 0.00720834 0.00720774
0.00719394 0.00719334 0.00719275
0.00718544 0.0071848 0.00718416
0.00719257 0.00719194 0.0071913
0.00716891 0.00716827 0.00716764
0.00729621 0.0072956 0.00729499
0.00729477 0.00729417 0.00729356
0.00729028 0.00728967 0.00728906
0.00715349 0.00715293 0.00715236
0.00713585 0.00713529 0.00713474
0.00715731 0.00715674 0.00715618
0.00725805 0.00725747 0.00725689
0.00724861 0.00724802 0.00724744
0.00726223 0.00726165 0.00726106
0.00707874 0.00707819 0.00707764
0.00706144 0.00706089 0.00706035
0.00709227 0.00709172 0.00709117
0.00713176 0.00713109 0.00713042
0.00714491 0.00714425 0.00714359
0.0071009 0.00710023 0.00709956
0.00698025 0.00697953 0.00697882
0.00700384 0.00700314 0.00700243
0.00693894 0.00693822 0.0069375
0.00728686 0.00728622 0.00728559
0.00729096 0.00729034 0.00728971
0.00727609 0.00727546 0.00727482
0.00674105 0.0067403 0.00673955
0.00677596 0.00677521 0.00677446
0.00668841 0.00668766 0.00668691
0.00640903 0.00640828 0.00640753
0.00645566 0.00645491 0.00645416
0.00634489 0.00634415 0.0063434
0.00705754 0.00705683 0.00705613
0.00708143 0.00708073 0.00708003
0.00702786 0.00702715 0.00702644
0.00728931 0.00728871 0.00728811
0.00728521 0.00728462 0.00728402
0.00729695 0.00729635 0.00729574
0.00728221 0.00728159 0.00728097
0.00728704 0.00728643 0.00728581
0.00728163 0.00728101 0.00728039
0.00714959 0.00714902 0.00714846
0.00713752 0.00713696 0.0071364
0.00717455 0.00717398 0.00717342
0.00722029 0.00721971 0.00721914
0.00723118 0.0072306 0.00723002
0.00722797 0.00722739 0.00722681
0.0072578 0.0072572 0.00725661
0.00726462 0.00726402 0.00726343
0.00726536 0.00726477 0.00726418
0.0072431 0.00724252 0.00724194
0.00725388 0.0072533 0.00725271
0.00724552 0.00724494 0.00724435
0.00720052 0.00719985 0.00719918
0.00718585 0.00718518 0.0071845
0.00722044 0.00721978 0.00721912
0.00713424 0.00713355 0.00713286
0.00711445 0.00711376 0.00711306
0.00715896 0.00715828 0.0071576
0.00726528 0.00726464 0.00726399
0.00725519 0.00725454 0.00725389
0.00727537 0.00727473 0.00727409
0.00717619 0.00717563 0.00717506
0.00716233 0.00716177 0.0071612
0.00716457 0.00716401 0.00716344
0.007115 0.00711444 0.00711389
0.00709734 0.00709679 0.00709623
0.00710342 0.00710287 0.00710231
0.00712193 0.00712137 0.00712081
0.00710811 0.00710755 0.00710699
0.00710514 0.00710458 0.00710403
0.00726003 0.0072594 0.00725878
0.00726276 0.00726213 0.00726151
0.00724884 0.00724821 0.00724759
0.00726433 0.00726372 0.00726311
0.00726268 0.00726208 0.00726147
0.00725295 0.00725235 0.00725174
0.00720703 0.00720641 0.00720579
0.00720959 0.00720898 0.00720836
0.00719037 0.00718975 0.00718913
0.00718557 0.007185 0.00718443
0.00717217 0.00717161 0.00717104
0.00719454 0.00719397 0.0071934
0.00712578 0.00712523 0.00712467
0.00710828 0.00710772 0.00710717
0.00713455 0.00713399 0.00713344
0.00721399 0.00721342 0.00721284
0.00720039 0.00719982 0.00719924
0.00721795 0.00721738 0.0072168
0.00718335 0.00718268 0.00718201
0.00719666 0.00719599 0.00719533
0.0071581 0.00715742 0.00715675
0.00722927 0.00722862 0.00722797
0.00723775 0.0072371 0.00723646
0.00720872 0.00720806 0.00720741
0.00706653 0.00706584 0.00706515
0.00708477 0.00708408 0.0070834
0.00703061 0.00702992 0.00702922
0.00679088 0.00679014 0.00678939
0.00682588 0.00682513 0.00682439
0.0067443 0.00674355 0.0067428
0.00692218 0.00692145 0.00692072
0.00695143 0.0069507 0.00694997
0.00688127 0.00688053 0.0068798
0.00658679 0.00658604 0.00658528
0.00662756 0.0066268 0.00662605
0.00652835 0.0065276 0.00652685
0.00725825 0.00725766 0.00725708
0.00725451 0.00725392 0.00725334
0.00727066 0.00727006 0.00726947
0.00723672 0.00723614 0.00723556
0.00722862 0.00722804 0.00722746
0.00725314 0.00725256 0.00725197
0.00729471 0.00729411 0.0072935
0.00729502 0.00729442 0.00729381
0.00729829 0.00729768 0.00729707
0.00729522 0.00729462 0.00729403
0.00728975 0.00728916 0.00728856
0.00729443 0.00729383 0.00729323
0.007267 0.00726641 0.00726583
0.00725733 0.00725675 0.00725616
0.00726598 0.00726539 0.0072648
0.00728403 0.00728344 0.00728284
0.00727834 0.00727774 0.00727715
0.00727789 0.00727729 0.00727669
0.00722216 0.00722158 0.00722101
0.0072084 0.00720783 0.00720726
0.00722098 0.0072204 0.00721983
0.00716118 0.00716062 0.00716005
0.00714348 0.00714292 0.00714236
0.00715992 0.00715935 0.00715879
0.00720963 0.00720905 0.00720848
0.00719579 0.00719521 0.00719464
0.00720323 0.00720266 0.00720208
0.0072514 0.0072508 0.00725021
0.00724554 0.00724495 0.00724436
0.00723988 0.00723929 0.0072387
0.00722184 0.00722126 0.00722068
0.00721192 0.00721134 0.00721076
0.00721024 0.00720966 0.00720908
0.00719734 0.00719675 0.00719616
0.00719141 0.00719082 0.00719024
0.0071805 0.00717992 0.00717934
0.00721775 0.0072171 0.00721644
0.00723166 0.00723101 0.00723035
0.00720336 0.0072027 0.00720203
0.00726609 0.00726545 0.0072648
0.00727517 0.00727453 0.0072739
0.0072562 0.00725555 0.0072549
0.00714513 0.00714445 0.00714376
0.00716375 0.00716307 0.00716239
0.00712057 0.00711987 0.00711918
0.0072954 0.00729478 0.00729415
0.00729984 0.00729922 0.0072986
0.00728983 0.0072892 0.00728857
0.00730639 0.00730578 0.00730516
0.00730634 0.00730573 0.00730512
0.00730499 0.00730437 0.00730375
0.0072589 0.00725826 0.00725761
0.00726764 0.007267 0.00726636
0.00724376 0.00724311 0.00724245
0.00703078 0.00703007 0.00702935
0.00705448 0.00705377 0.00705306
0.00699535 0.00699463 0.00699391
0.00711752 0.00711682 0.00711613
0.0071359 0.00713521 0.00713452
0.00708732 0.00708662 0.00708592
0.00687201 0.00687127 0.00687054
0.00690117 0.00690044 0.00689971
0.0068251 0.00682437 0.00682363
0.00699044 0.0069899 0.00698937
0.00700885 0.00700832 0.00700778
0.00700833 0.00700779 0.00700725
0.00705859 0.00705804 0.00705749
0.00707331 0.00707276 0.0070722
0.00707659 0.00707604 0.00707549
0.00705441 0.00705386 0.00705332
0.00707294 0.00707239 0.00707184
0.00706722 0.00706667 0.00706613
0.00711177 0.00711121 0.00711065
0.00712266 0.0071221 0.00712154
0.00712987 0.00712931 0.00712874
0.00714947 0.0071489 0.00714833
0.00715642 0.00715584 0.00715527
0.00716762 0.00716704 0.00716647
0.00717645 0.00717588 0.00717531
0.00718738 0.00718681 0.00718623
0.00718938 0.0071888 0.00718823
0.00709797 0.00709742 0.00709687
0.0071166 0.00711604 0.00711549
0.00710565 0.0071051 0.00710455
0.00716683 0.00716627 0.0071657
0.00718167 0.0071811 0.00718053
0.00717455 0.00717398 0.00717342
0.00712099 0.00712043 0.00711988
0.00713966 0.0071391 0.00713854
0.00712354 0.00712298 0.00712243
0.00717118 0.00717059 0.00717
0.00717403 0.00717344 0.00717285
0.00718931 0.00718871 0.00718812
0.00717627 0.00717567 0.00717506
0.00717486 0.00717426 0.00717365
0.00719433 0.00719372 0.00719312
0.00723573 0.00723513 0.00723453
0.00723851 0.0072379 0.0072373
0.00724853 0.00724792 0.00724732
0.00716399 0.00716337 0.00716275
0.00715809 0.00715747 0.00715684
0.00718194 0.00718131 0.00718069
0.00713326 0.00713262 0.00713198
0.00712251 0.00712186 0.00712121
0.00715111 0.00715046 0.00714982
0.00722762 0.00722699 0.00722636
0.00722159 0.00722095 0.00722031
0.0072401 0.00723947 0.00723884
0.00727882 0.00727822 0.00727762
0.00728144 0.00728084 0.00728023
0.00728622 0.00728561 0.00728501
0.00728284 0.00728222 0.0072816
0.00728111 0.00728049 0.00727986
0.00729001 0.00728939 0.00728877
0.0073003 0.00729969 0.00729909
0.00730268 0.00730207 0.00730147
0.00730229 0.00730169 0.00730108
0.00712354 0.00712299 0.00712243
0.00714219 0.00714163 0.00714107
0.00712101 0.00712046 0.0071199
0.00719226 0.00719169 0.00719112
0.00720695 0.00720638 0.00720581
0.00718964 0.00718907 0.00718851
0.00710595 0.00710539 0.00710484
0.00712452 0.00712396 0.00712341
0.00709846 0.00709791 0.00709736
0.00724495 0.00724437 0.00724379
0.00725556 0.00725497 0.00725439
0.00724217 0.00724159 0.00724101
0.00728111 0.00728052 0.00727992
0.00728751 0.00728692 0.00728632
0.00727809 0.0072775 0.00727691
0.00722617 0.00722559 0.00722502
0.00723654 0.00723597 0.00723539
0.00721831 0.00721774 0.00721716
0.00706878 0.00706823 0.00706768
0.00708721 0.00708666 0.00708611
0.00705652 0.00705597 0.00705543
0.00713637 0.00713581 0.00713525
0.00715068 0.00715012 0.00714956
0.00712389 0.00712333 0.00712277
0.00701289 0.00701236 0.00701182
0.00703108 0.00703054 0.00703
0.00699616 0.00699562 0.00699509
0.0070973 0.00709664 0.00709598
0.007083 0.00708233 0.00708167
0.0071284 0.00712775 0.00712709
0.00703236 0.00703167 0.00703099
0.00701282 0.00701213 0.00701144
0.00706837 0.00706769 0.00706701
0.007206 0.00720535 0.0072047
0.00719642 0.00719576 0.00719511
0.00722677 0.00722612 0.00722548
0.00694609 0.00694539 0.00694468
0.00692112 0.00692041 0.00691969
0.0069875 0.00698679 0.00698609
0.00683785 0.00683712 0.00683639
0.00680727 0.00680654 0.0068058
0.00688484 0.00688411 0.00688338
0.00709494 0.00709425 0.00709355
0.00707533 0.00707463 0.00707394
0.00712529 0.00712461 0.00712392
0.0072743 0.00727367 0.00727303
0.00726919 0.00726855 0.00726792
0.00728531 0.00728468 0.00728405
0.00724691 0.00724626 0.00724561
0.00723713 0.00723647 0.00723582
0.00726227 0.00726163 0.00726099
0.00730419 0.00730358 0.00730296
0.00730329 0.00730267 0.00730205
0.00730584 0.00730523 0.00730462
0.00670694 0.00670619 0.00670545
0.0066706 0.00666985 0.0066691
0.00675965 0.00675891 0.00675816
0.00655281 0.00655206 0.00655131
0.00651062 0.00650987 0.00650911
0.00661132 0.00661056 0.00660981
0.00690013 0.00689939 0.00689866
0.00686951 0.00686877 0.00686803
0.00694113 0.0069404 0.00693967
0.00637529 0.00637455 0.0063738
0.0063273 0.00632656 0.00632581
0.00643953 0.00643878 0.00643803
0.00617496 0.00617423 0.0061735
0.00612151 0.00612079 0.00612007
0.00624457 0.00624383 0.00624309
0.0066146 0.00661385 0.00661309
0.00657231 0.00657156 0.0065708
0.00666704 0.00666629 0.00666553
0.00704712 0.00704641 0.0070457
0.00702197 0.00702125 0.00702054
0.00707691 0.0070762 0.0070755
0.0069382 0.00693747 0.00693674
0.00690746 0.00690673 0.006906
0.00697332 0.0069726 0.00697188
0.00715024 0.00714956 0.00714888
0.00713018 0.0071295 0.00712881
0.00716949 0.00716882 0.00716815
0.0072971 0.0072965 0.0072959
0.00730027 0.00729967 0.00729907
0.00728968 0.00728908 0.00728849
0.00730321 0.0073026 0.00730199
0.00730197 0.00730136 0.00730074
0.00729984 0.00729923 0.00729862
0.00725411 0.00725353 0.00725294
0.00726129 0.0072607 0.00726012
0.00723786 0.00723729 0.00723671
0.00729149 0.00729087 0.00729024
0.00728571 0.00728508 0.00728446
0.00729224 0.00729163 0.00729101
0.00726139 0.00726075 0.00726012
0.00725092 0.00725028 0.00724964
0.00726639 0.00726576 0.00726513
0.00728099 0.00728039 0.00727978
0.00727936 0.00727875 0.00727815
0.0072728 0.0072722 0.0072716
0.00717616 0.0071756 0.00717503
0.00718732 0.00718675 0.00718618
0.00715133 0.00715077 0.00715021
0.00721435 0.00721378 0.0072132
0.0072212 0.00722063 0.00722005
0.00719349 0.00719292 0.00719235
0.00706432 0.00706377 0.00706323
0.00707938 0.00707883 0.00707829
0.00703124 0.0070307 0.00703016
0.00726381 0.00726322 0.00726263
0.00725998 0.0072594 0.00725881
0.00723433 0.00723375 0.00723317
0.00723937 0.00723879 0.00723821
0.00724107 0.00724049 0.0072399
0.00724994 0.00724936 0.00724877
0.00719714 0.00719647 0.0071958
0.00722917 0.00722851 0.00722785
0.00723785 0.0072372 0.00723654
0.00725279 0.00725214 0.00725149
0.00716993 0.00716925 0.00716857
0.00715273 0.00715204 0.00715136
0.00710724 0.00710669 0.00710613
0.00710881 0.00710825 0.00710769
0.00715165 0.00715109 0.00715052
0.00713743 0.00713687 0.00713631
0.00714751 0.00714694 0.00714638
0.00713173 0.00713117 0.00713061
0.00724087 0.00724026 0.00723965
0.00722642 0.00722581 0.0072252
0.00723627 0.00723565 0.00723502
0.00722233 0.00722171 0.00722109
0.00726437 0.00726376 0.00726314
0.00726489 0.00726428 0.00726367
0.00715867 0.00715811 0.00715755
0.00718062 0.00718005 0.00717949
0.00720227 0.0072017 0.00720113
0.00720876 0.00720819 0.00720762
0.00715774 0.00715717 0.00715661
0.00714227 0.00714171 0.00714115
0.00717364 0.00717298 0.00717232
0.00713238 0.00713171 0.00713103
0.00713024 0.00712956 0.00712888
0.00709972 0.00709904 0.00709835
0.00720874 0.00720808 0.00720742
0.0072196 0.00721895 0.0072183
0.00680397 0.00680323 0.00680248
0.00671943 0.00671867 0.00671792
0.00669476 0.00669401 0.00669325
0.00664226 0.0066415 0.00664075
0.00685942 0.00685868 0.00685794
0.00689151 0.00689078 0.00689004
0.00727241 0.00727181 0.00727122
0.00728638 0.00728578 0.00728518
0.00728088 0.00728028 0.00727969
0.00728891 0.0072883 0.0072877
0.00724967 0.00724908 0.0072485
0.00724373 0.00724315 0.00724257
0.00727237 0.00727178 0.00727119
0.00727649 0.0072759 0.00727531
0.0072923 0.0072917 0.0072911
0.00728884 0.00728824 0.00728764
0.00728322 0.00728263 0.00728203
0.00727563 0.00727504 0.00727445
0.00717412 0.00717356 0.00717299
0.00718608 0.00718551 0.00718494
0.0072185 0.00721792 0.00721735
0.00721471 0.00721414 0.00721356
0.00719365 0.00719308 0.00719251
0.00717791 0.00717734 0.00717677
0.00720627 0.00720569 0.00720511
0.00719999 0.00719941 0.00719883
0.00722703 0.00722644 0.00722585
0.00721285 0.00721226 0.00721167
0.00723866 0.00723807 0.00723748
0.00723076 0.00723017 0.00722959
0.0072314 0.00723074 0.00723009
0.00720064 0.00719997 0.0071993
0.00718649 0.00718582 0.00718515
0.00716709 0.00716642 0.00716574
0.00724434 0.00724369 0.00724305
0.00725581 0.00725517 0.00725452
0.00729815 0.00729752 0.00729689
0.00728573 0.0072851 0.00728446
0.00728191 0.00728127 0.00728064
0.00727161 0.00727097 0.00727033
0.00730315 0.00730253 0.00730191
0.00730533 0.00730471 0.0073041
0.00703212 0.00703141 0.0070307
0.00697013 0.00696941 0.00696869
0.0069571 0.00695638 0.00695565
0.006916 0.00691527 0.00691454
0.00707682 0.00707612 0.00707542
0.00709783 0.00709713 0.00709644
0.00707763 0.00707708 0.00707653
0.00707641 0.00707586 0.00707531
0.00702496 0.00702442 0.00702388
0.00704032 0.00703978 0.00703923
0.00702636 0.00702581 0.00702527
0.00704294 0.00704239 0.00704185
0.00717651 0.00717593 0.00717536
0.00718309 0.00718252 0.00718194
0.00714669 0.00714612 0.00714556
0.00716222 0.00716165 0.00716108
0.00713259 0.00713202 0.00713145
0.00714153 0.00714096 0.00714039
0.00716517 0.00716461 0.00716404
0.00715354 0.00715298 0.00715241
0.00711205 0.0071115 0.00711094
0.00711716 0.00711661 0.00711605
0.00713429 0.00713373 0.00713317
0.00715104 0.00715048 0.00714992
0.00721142 0.00721081 0.00721021
0.00722614 0.00722554 0.00722493
0.00720611 0.00720552 0.00720492
0.00722159 0.00722099 0.0072204
0.00717584 0.00717525 0.00717465
0.00717659 0.00717599 0.00717539
0.00717712 0.00717648 0.00717584
0.00720061 0.00719996 0.00719932
0.00719853 0.0071979 0.00719728
0.00721376 0.00721313 0.0072125
0.00715102 0.00715039 0.00714976
0.00714276 0.00714212 0.00714148
0.00729656 0.00729594 0.00729533
0.00730078 0.00730016 0.00729955
0.00729226 0.00729166 0.00729105
0.00729695 0.00729635 0.00729574
0.00728299 0.00728238 0.00728177
0.00728346 0.00728285 0.00728223
0.00717013 0.00716956 0.007169
0.00714841 0.00714785 0.00714729
0.00711723 0.00711668 0.00711612
0.00711221 0.00711165 0.0071111
0.00715987 0.0071593 0.00715874
0.00717656 0.00717599 0.00717543
0.00726645 0.00726586 0.00726527
0.00725259 0.00725201 0.00725143
0.00723811 0.00723753 0.00723695
0.00723277 0.00723219 0.00723162
0.00726512 0.00726454 0.00726395
0.00727364 0.00727305 0.00727246
0.007095 0.00709445 0.0070939
0.00706405 0.00706351 0.00706296
0.0070431 0.00704256 0.00704202
0.00702855 0.00702801 0.00702747
0.00710463 0.00710407 0.00710352
0.00712101 0.00712046 0.0071199
0.00711736 0.00711669 0.00711602
0.00715999 0.00715933 0.00715867
0.00715686 0.00715621 0.00715555
0.00718271 0.00718206 0.00718141
0.00706743 0.00706676 0.00706609
0.00705056 0.00704988 0.0070492
0.00695528 0.00695456 0.00695384
0.00701872 0.00701801 0.0070173
0.00702608 0.00702538 0.00702468
0.00706188 0.00706118 0.00706049
0.00689476 0.00689404 0.00689332
0.00686701 0.00686628 0.00686556
0.00728161 0.00728097 0.00728034
0.00729524 0.00729462 0.00729399
0.00729395 0.00729332 0.0072927
0.00730023 0.00729961 0.007299
0.00726293 0.00726229 0.00726165
0.0072555 0.00725486 0.00725422
0.00670468 0.00670393 0.00670318
0.00679073 0.00678998 0.00678924
0.00680941 0.00680867 0.00680793
0.00685623 0.00685549 0.00685475
0.0066328 0.00663205 0.0066313
0.00659354 0.00659279 0.00659204
0.00636094 0.0063602 0.00635945
0.00647025 0.0064695 0.00646875
0.00650084 0.00650009 0.00649933
0.0065592 0.00655845 0.00655769
0.0062779 0.00627716 0.00627642
0.0062271 0.00622637 0.00622563
0.00703228 0.00703157 0.00703086
0.0070845 0.00708381 0.00708311
0.00710399 0.0071033 0.0071026
0.00712842 0.00712773 0.00712705
0.00699544 0.00699472 0.006994
0.00696752 0.0069668 0.00696607
0.00729231 0.00729171 0.00729111
0.00727945 0.00727886 0.00727826
0.00728003 0.00727944 0.00727885
0.00726817 0.00726758 0.007267
0.00730235 0.00730175 0.00730114
0.00730333 0.00730272 0.00730212
0.00727622 0.0072756 0.00727498
0.00728052 0.00727991 0.0072793
0.00729073 0.00729012 0.00728951
0.00728697 0.00728636 0.00728576
0.00727877 0.00727814 0.00727752
0.00727067 0.00727004 0.00726941
0.00716059 0.00716002 0.00715946
0.00712253 0.00712198 0.00712142
0.0071244 0.00712384 0.00712328
0.00709538 0.00709483 0.00709428
0.00719741 0.00719683 0.00719626
0.00720642 0.00720585 0.00720527
0.0072084 0.00720783 0.00720725
0.0072113 0.00721072 0.00721015
0.00723212 0.00723153 0.00723095
0.00722248 0.0072219 0.00722132
0.00724889 0.0072483 0.00724772
0.0072704 0.0072698 0.00726921
0.00726157 0.00726097 0.00726038
0.00727159 0.007271 0.00727041
0.0072313 0.00723072 0.00723014
0.00726364 0.00726305 0.00726247
0.00724663 0.00724605 0.00724546
0.0072349 0.00723432 0.00723374
0.00721395 0.00721328 0.00721262
0.00717805 0.00717737 0.0071767
0.00714504 0.00714435 0.00714367
0.00724898 0.00724833 0.00724767
0.00710688 0.00710618 0.00710548
0.00709335 0.00709265 0.00709195
0.00706343 0.00706272 0.00706202
0.00718108 0.00718041 0.00717973
0.00727418 0.00727354 0.0072729
0.0072439 0.00724325 0.0072426
0.00728308 0.00728244 0.00728181
0.00728982 0.00728919 0.00728856
0.00718909 0.00718851 0.00718794
0.00718651 0.00718594 0.00718537
0.00715782 0.00715726 0.00715669
0.00716454 0.00716397 0.0071634
0.00712529 0.00712473 0.00712418
0.00707875 0.00707821 0.00707766
0.00708901 0.00708846 0.0070879
0.00709055 0.00709 0.00708945
0.00713479 0.00713423 0.00713367
0.00709334 0.00709278 0.00709223
0.00708708 0.00708653 0.00708597
0.0070999 0.00709935 0.00709879
0.00725618 0.00725555 0.00725492
0.00726984 0.00726921 0.00726859
0.00727429 0.00727367 0.00727305
0.00723251 0.00723189 0.00723126
0.00727434 0.00727373 0.00727312
0.00725998 0.00725937 0.00725877
0.00727008 0.00726947 0.00726887
0.00724022 0.00723962 0.00723901
0.00720335 0.00720272 0.0072021
0.00721105 0.00721044 0.00720983
0.00717236 0.00717175 0.00717113
0.00716874 0.00716812 0.00716751
0.00719792 0.00719735 0.00719677
0.00717537 0.0071748 0.00717423
0.00714766 0.0071471 0.00714653
0.00721474 0.00721417 0.0072136
0.0071158 0.00711525 0.00711469
0.00708976 0.00708921 0.00708866
0.00707986 0.00707931 0.00707877
0.0071421 0.00714154 0.00714098
0.00722657 0.00722599 0.00722541
0.00718576 0.00718519 0.00718463
0.00722064 0.00722006 0.00721949
0.00723331 0.00723273 0.00723215
0.0071688 0.00716812 0.00716744
0.00720602 0.00720535 0.00720469
0.00722907 0.00722842 0.00722776
0.00711324 0.00711255 0.00711186
0.00724733 0.00724668 0.00724604
0.00724505 0.00724441 0.00724377
0.00726089 0.00726025 0.00725962
0.00718564 0.00718498 0.00718432
0.00704697 0.00704627 0.00704558
0.00710171 0.00710103 0.00710035
0.00699193 0.00699124 0.00699054
0.0069697 0.00696899 0.00696829
0.00675443 0.00675368 0.00675294
0.00683454 0.0068338 0.00683306
0.00690024 0.00689951 0.00689877
0.00665542 0.00665466 0.00665391
0.00696023 0.0069595 0.00695877
0.00697927 0.00697855 0.00697782
0.00701459 0.00701387 0.00701315
0.00683746 0.00683672 0.00683598
0.00654455 0.00654379 0.00654304
0.00666686 0.0066661 0.00666535
0.00646696 0.00646621 0.00646546
0.00642185 0.0064211 0.00642035
0.00726089 0.0072603 0.00725971
0.00724368 0.0072431 0.00724251
0.00723308 0.0072325 0.00723192
0.00728149 0.00728089 0.00728029
0.00721813 0.00721756 0.00721698
0.00721945 0.00721887 0.0072183
0.00719888 0.0071983 0.00719773
0.00726739 0.0072668 0.00726621
0.00729329 0.00729268 0.00729207
0.00729422 0.00729362 0.00729302
0.00729961 0.00729899 0.00729838
0.00729612 0.0072955 0.00729488
0.00729963 0.00729902 0.00729842
0.00729469 0.0072941 0.0072935
0.00728282 0.00728223 0.00728163
0.00729683 0.00729623 0.00729563
0.00726671 0.00726613 0.00726554
0.00724644 0.00724585 0.00724527
0.00728868 0.00728808 0.00728747
0.00727514 0.00727454 0.00727394
0.00722204 0.00722147 0.00722089
0.00719359 0.00719303 0.00719246
0.00716116 0.0071606 0.00716003
0.00712481 0.00712425 0.0071237
0.00712481 0.00712425 0.0071237
0.00715737 0.00715681 0.00715625
0.00718097 0.0071804 0.00717983
0.00719553 0.00719495 0.00719438
0.00725621 0.00725561 0.00725501
0.0072319 0.00723131 0.00723071
0.00720099 0.00720042 0.00719984
0.00719732 0.00719675 0.00719617
0.00720224 0.00720165 0.00720106
0.00718446 0.00718388 0.0071833
0.00716236 0.00716178 0.0071612
0.00716728 0.0071667 0.00716611
0.00720261 0.00720195 0.00720129
0.0072297 0.00722905 0.0072284
0.00725405 0.00725341 0.00725277
0.007169 0.00716833 0.00716765
0.0072736 0.00727297 0.00727233
0.00728844 0.00728781 0.00728719
0.00712522 0.00712453 0.00712384
0.00707091 0.0070702 0.00706949
0.00729866 0.00729803 0.00729741
0.00730432 0.0073037 0.00730309
0.0073055 0.00730489 0.00730429
0.00730519 0.00730459 0.00730398
0.00730227 0.00730167 0.00730107
0.00730128 0.00730066 0.00730004
0.00727521 0.00727457 0.00727393
0.00722614 0.00722548 0.00722482
0.00700572 0.007005 0.00700428
0.00692932 0.00692859 0.00692786
0.00715298 0.0071523 0.00715162
0.0070544 0.00705369 0.00705299
0.00684143 0.00684069 0.00683995
0.00692892 0.0069282 0.00692747
0.00677527 0.00677453 0.00677379
0.00674182 0.00674108 0.00674034
0.00697113 0.0069706 0.00697006
0.0069713 0.00697077 0.00697024
0.00700717 0.00700663 0.0070061
0.0070056 0.00700506 0.00700453
0.00703933 0.00703879 0.00703824
0.00706775 0.0070672 0.00706665
0.00703497 0.00703443 0.00703389
0.00705926 0.00705871 0.00705816
0.00709239 0.00709183 0.00709128
0.00711317 0.00711261 0.00711205
0.00713004 0.00712947 0.0071289
0.00714291 0.00714234 0.00714176
0.00707842 0.00707787 0.00707732
0.00709246 0.00709191 0.00709136
0.00710138 0.00710083 0.00710027
0.00710519 0.00710464 0.00710408
0.00715173 0.00715115 0.00715057
0.00715642 0.00715583 0.00715523
0.00715688 0.00715628 0.00715568
0.00715301 0.0071524 0.0071518
0.0071447 0.00714409 0.00714347
0.0071318 0.00713117 0.00713054
0.00711411 0.00711347 0.00711283
0.00711043 0.00710978 0.00710912
0.00709125 0.0070906 0.00708995
0.00716761 0.00716696 0.00716631
0.00721439 0.00721375 0.0072131
0.0072512 0.00725056 0.00724993
0.00727827 0.00727764 0.00727702
0.00729581 0.00729519 0.00729457
0.00730399 0.00730337 0.00730276
0.00730295 0.00730235 0.00730174
0.00710393 0.00710337 0.00710282
0.00709764 0.00709709 0.00709653
0.00708639 0.00708584 0.00708529
0.00707025 0.0070697 0.00706916
0.00729284 0.00729225 0.00729165
0.00727378 0.00727319 0.0072726
0.00724586 0.00724528 0.0072447
0.00720921 0.00720864 0.00720807
0.00704933 0.00704878 0.00704824
0.00702373 0.0070232 0.00702266
0.00716395 0.00716339 0.00716282
0.00711022 0.00710967 0.00710912
0.00699364 0.0069931 0.00699257
0.00704822 0.00704768 0.00704714
0.00697838 0.00697785 0.00697732
0.00695936 0.00695883 0.00695831
0.0070636 0.00706294 0.00706227
0.00703136 0.00703068 0.00703001
0.00699362 0.00699293 0.00699224
0.00695045 0.00694975 0.00694905
0.00690183 0.00690112 0.00690041
0.00684769 0.00684696 0.00684624
0.00678793 0.0067872 0.00678647
0.00672248 0.00672174 0.006721
0.00665126 0.00665052 0.00664977
0.00657422 0.00657347 0.00657273
0.00649134 0.00649059 0.00648985
0.00640263 0.00640189 0.00640114
0.00630816 0.00630742 0.00630668
0.00620809 0.00620736 0.00620662
0.00610272 0.006102 0.00610128
0.00606684 0.00606613 0.00606541
0.00599277 0.00599206 0.00599136
0.00631142 0.00631068 0.00630994
0.00652854 0.00652779 0.00652704
0.00671652 0.00671577 0.00671502
0.0068753 0.00687456 0.00687383
0.00700565 0.00700494 0.00700422
0.00710881 0.00710813 0.00710744
0.00718622 0.00718555 0.00718489
0.00723925 0.00723861 0.00723797
0.00726908 0.00726846 0.00726783
0.0072766 0.00727599 0.00727539
0.00726242 0.00726183 0.00726124
0.00722696 0.00722638 0.0072258
0.00717052 0.00716995 0.00716939
0.00709341 0.00709286 0.00709231
0.00699622 0.00699568 0.00699515
