0 0 1
0.0625 0 1
0.125 0 1
0.1875 0 1
0.25 0 1
0.3125 0 1
0.375 0 1
0.4375 0 1
0.5 0 1
0.5625 0 1
0.625 0 1
0.6875 0 1
0.75 0 1
0.8125 0 1
0.875 0 1
0.9375 0 1
1 0 1
0 0.0625 1
0.443717 0.443717 0
0.451104 0.388604 0
0.514763 0.389763 0
0.563944 0.376444 0
0.614113 0.364113 0
0.661984 0.349484 0
0.708979 0.333979 0
0.75 0.318331 0
0.78125 0.301442 0
0.8125 0.281882 0
0.84375 0.260389 0
0.875 0.236389 0
0.90625 0.207584 0
0.9375 0.172274 0
0.96875 0.127447 0
1 0.0623478 1
0 0.125 1
0.424958 0.487458 0
0.428303 0.428303 0
0.494613 0.432113 0
0.545936 0.420936 0
0.597906 0.410406 0
0.647059 0.397059 0
0.69524 0.38274 0
0.742809 0.367809 0
0.78125 0.351053 0
0.8125 0.332972 0
0.84375 0.313046 0
0.875 0.291279 0
0.90625 0.263857 0
0.9375 0.231569 0
0.96875 0.18848 0
1 0.124696 1
0 0.1875 1
0.400556 0.525556 0
0.411313 0.473813 0
0.478263 0.478263 0
0.531559 0.469059 0
0.58503 0.46003 0
0.635862 0.448362 0
0.684853 0.434853 0
0.73256 0.42006 0
0.778511 0.403511 0
0.8125 0.385606 0
0.84375 0.366183 0
0.875 0.345333 0
0.90625 0.319043 0
0.9375 0.288339 0
0.96875 0.247444 0
1 0.187046 1
0 0.25 1
0.374669 0.562169 0
0.393075 0.518075 0
0.460094 0.522594 0
0.515342 0.515342 0
0.570789 0.508289 0
0.623433 0.498433 0
0.673939 0.486439 0
0.722502 0.472502 0
0.769076 0.456576 0
0.8125 0.438901 0
0.84375 0.419838 0
0.875 0.399536 0
0.90625 0.374408 0
0.9375 0.345205 0
0.96875 0.306402 0
1 0.249397 1
0 0.3125 1
0.348593 0.598593 0
0.373146 0.560646 0
0.440419 0.565419 0
0.497534 0.560034 0
0.554653 0.554653 0
0.609308 0.546808 0
0.661943 0.536943 0
0.711914 0.524414 0
0.759772 0.509772 0
0.805378 0.492878 0
0.84375 0.474021 0
0.875 0.45397 0
0.90625 0.429925 0
0.9375 0.402204 0
0.96875 0.365468 0
1 0.311751 1
0 0.375 1
0.322451 0.634951 0
0.352275 0.602275 0
0.419572 0.607072 0
0.478148 0.603148 0
0.536851 0.599351 0
0.593508 0.593508 0
0.648004 0.585504 0
0.70027 0.57527 0
0.750013 0.562513 0
0.796866 0.546866 0
0.841154 0.528654 0
0.875 0.508784 0
0.90625 0.485619 0
0.9375 0.459325 0
0.96875 0.424628 0
1 0.374107 1
0 0.4375 1
0.295685 0.670685 0
0.330815 0.643315 0
0.397667 0.647667 0
0.457483 0.644983 0
0.517519 0.642519 0
0.575884 0.638384 0
0.632481 0.632481 0
0.686927 0.624427 0
0.738801 0.613801 0
0.78764 0.60014 0
0.833444 0.583444 0
0.875 0.564062 0
0.90625 0.541739 0
0.9375 0.516566 0
0.96875 0.483863 0
1 0.436467 1
0 0.5 1
0.267303 0.704803 0
0.308934 0.683934 0
0.374964 0.687464 0
0.435729 0.685729 0
0.496771 0.684271 0
0.556592 0.681592 0
0.61501 0.67751 0
0.67157 0.67157 0
0.725886 0.663386 0
0.776902 0.651902 0
0.824935 0.637435 0
0.869671 0.619671 0
0.90625 0.598251 0
0.9375 0.573942 0
0.96875 0.543199 0
1 0.498831 1
0 0.5625 1
0.239653 0.739653 0
0.286633 0.724133 0
0.351882 0.726882 0
0.413286 0.725786 0
0.474967 0.724967 0
0.535832 0.723332 0
0.595711 0.720711 0
0.654187 0.716687 0
0.710508 0.710508 0
0.764279 0.701779 0
0.815015 0.690015 0
0.862146 0.674646 0
0.904873 0.654873 0
0.9375 0.631616 0
0.96875 0.602614 0
1 0.5612 1
0 0.625 1
0.212756 0.775256 0
0.264041 0.764041 0
0.328571 0.766071 0
0.390426 0.765426 0
0.45252 0.76502 0
0.514118 0.764118 0
0.57506 0.76256 0
0.634958 0.759958 0
0.693265 0.755765 0
0.749531 0.749531 0
0.802963 0.740463 0
0.853005 0.728005 0
0.898553 0.711053 0
0.9375 0.689313 0
0.96875 0.662221 0
1 0.623574 1
0 0.6875 1
0.186301 0.811301 0
0.241314 0.803814 0
0.305094 0.805094 0
0.367259 0.804759 0
0.429569 0.804569 0
0.491605 0.804105 0
0.553253 0.803253 0
0.614247 0.801747 0
0.674151 0.799151 0
0.732499 0.794999 0
0.788692 0.788692 0
0.841628 0.779128 0
0.890481 0.765481 0
0.934167 0.746667 0
0.96875 0.721772 0
1 0.685953 1
0 0.75 1
0.159341 0.846841 0
0.218502 0.843502 0
0.28156 0.84406 0
0.343932 0.843932 0
0.406352 0.843852 0
0.468634 0.843634 0
0.530699 0.843199 0
0.592388 0.842388 0
0.653426 0.840926 0
0.713436 0.838436 0
0.771752 0.834252 0
0.827639 0.827639 0
0.880077 0.817577 0
0.92763 0.80263 0
0.968255 0.780755 0
1 0.748339 1
0 0.8125 1
0.133893 0.883893 0
0.195375 0.882875 0
0.258049 0.883049 0
0.320519 0.883019 0
0.382996 0.882996 0
0.445412 0.882912 0
0.507724 0.882724 0
0.569839 0.882339 0
0.631589 0.881589 0
0.69272 0.88022 0
0.752776 0.877776 0
0.811199 0.873699 0
0.866867 0.866867 0
0.918522 0.856022 0
0.963647 0.838647 0
1 0.81073 1
0 0.875 1
0.109358 0.921858 0
0.172009 0.922009 0
0.234545 0.922045 0
0.297042 0.922042 0
0.359542 0.922042 0
0.422017 0.922017 0
0.484448 0.921948 0
0.546792 0.921792 0
0.60897 0.92147 0
0.670832 0.920832 0
0.732112 0.919612 0
0.792356 0.917356 0
0.850856 0.913356 0
0.906417 0.906417 0
0.956599 0.894099 0
1 0.873129 1
0 0.9375 1
0.0862612 0.961261 0
0.148446 0.960946 0
0.211015 0.961015 0
0.273499 0.960999 0
0.335998 0.960998 0
0.398486 0.960986 0
0.460962 0.960962 0
0.523409 0.960909 0
0.585801 0.960801 0
0.648077 0.960577 0
0.710121 0.960121 0
0.771688 0.959188 0
0.832323 0.957323 0
0.891269 0.953769 0
0.947116 0.947116 0
1 0.935535 1
0 1 1
0.0625 0.999848 0
0.125 0.999696 0
0.1875 0.999546 0
0.25 0.999397 0
0.3125 0.999251 0
0.375 0.999107 0
0.4375 0.998967 0
0.5 0.998831 0
0.5625 0.9987 0
0.625 0.998574 0
0.6875 0.998453 0
0.75 0.998339 0
0.8125 0.99823 0
0.875 0.998129 0
0.9375 0.998035 0
1 0.997949 1
