1 -1 -1 
32 0 2 
3 1 -1 
34 2 4 
5 3 -1 
36 4 6 
7 5 -1 
38 6 8 
9 7 -1 
40 8 10 
11 9 -1 
42 10 12 
13 11 -1 
44 12 14 
15 13 -1 
46 14 16 
17 15 -1 
48 16 18 
19 17 -1 
50 18 20 
21 19 -1 
52 20 22 
23 21 -1 
54 22 24 
25 23 -1 
56 24 26 
27 25 -1 
58 26 28 
29 27 -1 
60 28 30 
31 29 -1 
62 30 -1 
33 -1 1 
64 32 34 
35 33 3 
66 34 36 
37 35 5 
68 36 38 
39 37 7 
70 38 40 
41 39 9 
72 40 42 
43 41 11 
74 42 44 
45 43 13 
76 44 46 
47 45 15 
78 46 48 
49 47 17 
80 48 50 
51 49 19 
82 50 52 
53 51 21 
84 52 54 
55 53 23 
86 54 56 
57 55 25 
88 56 58 
59 57 27 
90 58 60 
61 59 29 
92 60 62 
63 61 31 
94 62 -1 
65 -1 33 
96 64 66 
67 65 35 
98 66 68 
69 67 37 
100 68 70 
71 69 39 
102 70 72 
73 71 41 
104 72 74 
75 73 43 
106 74 76 
77 75 45 
108 76 78 
79 77 47 
110 78 80 
81 79 49 
112 80 82 
83 81 51 
114 82 84 
85 83 53 
116 84 86 
87 85 55 
118 86 88 
89 87 57 
120 88 90 
91 89 59 
122 90 92 
93 91 61 
124 92 94 
95 93 63 
126 94 -1 
97 -1 65 
128 96 98 
99 97 67 
130 98 100 
101 99 69 
132 100 102 
103 101 71 
134 102 104 
105 103 73 
136 104 106 
107 105 75 
138 106 108 
109 107 77 
140 108 110 
111 109 79 
142 110 112 
113 111 81 
144 112 114 
115 113 83 
146 114 116 
117 115 85 
148 116 118 
119 117 87 
150 118 120 
121 119 89 
152 120 122 
123 121 91 
154 122 124 
125 123 93 
156 124 126 
127 125 95 
158 126 -1 
129 -1 97 
160 128 130 
131 129 99 
162 130 132 
133 131 101 
164 132 134 
135 133 103 
166 134 136 
137 135 105 
168 136 138 
139 137 107 
170 138 140 
141 139 109 
172 140 142 
143 141 111 
174 142 144 
145 143 113 
176 144 146 
147 145 115 
178 146 148 
149 147 117 
180 148 150 
151 149 119 
182 150 152 
153 151 121 
184 152 154 
155 153 123 
186 154 156 
157 155 125 
188 156 158 
159 157 127 
190 158 -1 
161 -1 129 
192 160 162 
163 161 131 
194 162 164 
165 163 133 
196 164 166 
167 165 135 
198 166 168 
169 167 137 
200 168 170 
171 169 139 
202 170 172 
173 171 141 
204 172 174 
175 173 143 
206 174 176 
177 175 145 
208 176 178 
179 177 147 
210 178 180 
181 179 149 
212 180 182 
183 181 151 
214 182 184 
185 183 153 
216 184 186 
187 185 155 
218 186 188 
189 187 157 
220 188 190 
191 189 159 
222 190 -1 
193 -1 161 
224 192 194 
195 193 163 
226 194 196 
197 195 165 
228 196 198 
199 197 167 
230 198 200 
201 199 169 
232 200 202 
203 201 171 
234 202 204 
205 203 173 
236 204 206 
207 205 175 
238 206 208 
209 207 177 
240 208 210 
211 209 179 
242 210 212 
213 211 181 
244 212 214 
215 213 183 
246 214 216 
217 215 185 
248 216 218 
219 217 187 
250 218 220 
221 219 189 
252 220 222 
223 221 191 
254 222 -1 
225 -1 193 
256 224 226 
227 225 195 
258 226 228 
229 227 197 
260 228 230 
231 229 199 
262 230 232 
233 231 201 
264 232 234 
235 233 203 
266 234 236 
237 235 205 
268 236 238 
239 237 207 
270 238 240 
241 239 209 
272 240 242 
243 241 211 
274 242 244 
245 243 213 
276 244 246 
247 245 215 
278 246 248 
249 247 217 
280 248 250 
251 249 219 
282 250 252 
253 251 221 
284 252 254 
255 253 223 
286 254 -1 
257 -1 225 
288 256 258 
259 257 227 
290 258 260 
261 259 229 
292 260 262 
263 261 231 
294 262 264 
265 263 233 
296 264 266 
267 265 235 
298 266 268 
269 267 237 
300 268 270 
271 269 239 
302 270 272 
273 271 241 
304 272 274 
275 273 243 
306 274 276 
277 275 245 
308 276 278 
279 277 247 
310 278 280 
281 279 249 
312 280 282 
283 281 251 
314 282 284 
285 283 253 
316 284 286 
287 285 255 
318 286 -1 
289 -1 257 
320 288 290 
291 289 259 
322 290 292 
293 291 261 
324 292 294 
295 293 263 
326 294 296 
297 295 265 
328 296 298 
299 297 267 
330 298 300 
301 299 269 
332 300 302 
303 301 271 
334 302 304 
305 303 273 
336 304 306 
307 305 275 
338 306 308 
309 307 277 
340 308 310 
311 309 279 
342 310 312 
313 311 281 
344 312 314 
315 313 283 
346 314 316 
317 315 285 
348 316 318 
319 317 287 
350 318 -1 
321 -1 289 
352 320 322 
323 321 291 
354 322 324 
325 323 293 
356 324 326 
327 325 295 
358 326 328 
329 327 297 
360 328 330 
331 329 299 
362 330 332 
333 331 301 
364 332 334 
335 333 303 
366 334 336 
337 335 305 
368 336 338 
339 337 307 
370 338 340 
341 339 309 
372 340 342 
343 341 311 
374 342 344 
345 343 313 
376 344 346 
347 345 315 
378 346 348 
349 347 317 
380 348 350 
351 349 319 
382 350 -1 
353 -1 321 
384 352 354 
355 353 323 
386 354 356 
357 355 325 
388 356 358 
359 357 327 
390 358 360 
361 359 329 
392 360 362 
363 361 331 
394 362 364 
365 363 333 
396 364 366 
367 365 335 
398 366 368 
369 367 337 
400 368 370 
371 369 339 
402 370 372 
373 371 341 
404 372 374 
375 373 343 
406 374 376 
377 375 345 
408 376 378 
379 377 347 
410 378 380 
381 379 349 
412 380 382 
383 381 351 
414 382 -1 
385 -1 353 
416 384 386 
387 385 355 
418 386 388 
389 387 357 
420 388 390 
391 389 359 
422 390 392 
393 391 361 
424 392 394 
395 393 363 
426 394 396 
397 395 365 
428 396 398 
399 397 367 
430 398 400 
401 399 369 
432 400 402 
403 401 371 
434 402 404 
405 403 373 
436 404 406 
407 405 375 
438 406 408 
409 407 377 
440 408 410 
411 409 379 
442 410 412 
413 411 381 
444 412 414 
415 413 383 
446 414 -1 
417 -1 385 
448 416 418 
419 417 387 
450 418 420 
421 419 389 
452 420 422 
423 421 391 
454 422 424 
425 423 393 
456 424 426 
427 425 395 
458 426 428 
429 427 397 
460 428 430 
431 429 399 
462 430 432 
433 431 401 
464 432 434 
435 433 403 
466 434 436 
437 435 405 
468 436 438 
439 437 407 
470 438 440 
441 439 409 
472 440 442 
443 441 411 
474 442 444 
445 443 413 
476 444 446 
447 445 415 
478 446 -1 
449 -1 417 
480 448 450 
451 449 419 
482 450 452 
453 451 421 
484 452 454 
455 453 423 
486 454 456 
457 455 425 
488 456 458 
459 457 427 
490 458 460 
461 459 429 
492 460 462 
463 461 431 
494 462 464 
465 463 433 
496 464 466 
467 465 435 
498 466 468 
469 467 437 
500 468 470 
471 469 439 
502 470 472 
473 471 441 
504 472 474 
475 473 443 
506 474 476 
477 475 445 
508 476 478 
479 477 447 
510 478 -1 
481 -1 449 
-1 480 482 
483 481 451 
-1 482 484 
485 483 453 
-1 484 486 
487 485 455 
-1 486 488 
489 487 457 
-1 488 490 
491 489 459 
-1 490 492 
493 491 461 
-1 492 494 
495 493 463 
-1 494 496 
497 495 465 
-1 496 498 
499 497 467 
-1 498 500 
501 499 469 
-1 500 502 
503 501 471 
-1 502 504 
505 503 473 
-1 504 506 
507 505 475 
-1 506 508 
509 507 477 
-1 508 510 
511 509 479 
-1 510 -1 
