0 0
0 0
0 0
0 0
0 0.0625
0 0
0 0
0 0
0 0
0 0.0351563
0 0.046875
0 0.046875
0 0.046875
0 0.0351563
0 0.046875
0 0
0 0
0 0.0351563
0 0
0 0.0351563
0 0
0 0
0 0
0 0
0 0
0 0.0549316
0 0.0439453
0 0.0439453
0 0.0439453
0 0.0549316
0 0.0439453
0 0.0119629
0 0.0205078
0 0.0205078
0 0.0256348
0 0.0205078
0 0.0439453
0 0.0256348
0 0.0439453
0 0.0205078
0 0.0205078
0 0.0256348
0 0.0439453
0 0.0205078
0 0.0119629
0 0.0205078
0 0.0439453
0 0.0256348
0 0.0205078
0 0.0585938
0 0.0585938
0 0.0256348
0 0.0273438
0 0.0256348
0 0.0273438
0 0.0256348
0 0.0273438
0 0.0585938
0 0.0585938
0 0.0273438
0 0.0256348
0 0
0 0
0 0
0 0
0 0
0 0.0119629
0 0
0 0.0549316
0 0
0 0.0549316
0 0.0119629
0 0
0 0
0 0
0 0
0 0
0 0
0 0
0 0
0 0
