0 0
0 0
0 0
0 0
0 0
0 0
0 0
0 0
0 0
0 0
0 0
0 0
0 0
0 0
0 0
0 0
0 0
0 0
0.00343323 0.00143516
0.00640869 0.00286471
0.00892639 0.00428308
0.0109863 0.00568472
0.0125885 0.00706417
0.0137329 0.00841603
0.0144196 0.00973502
0.0146484 0.011016
0.0144196 0.012254
0.0137329 0.0134441
0.0125885 0.0145817
0.0109863 0.0156624
0.00892639 0.0166819
0.00640869 0.0176362
0.00343323 0.0185217
0 0.0193349
0 0
0.00640869 0.00286471
0.0119629 0.00571824
0.0166626 0.00854944
0.0205078 0.0113472
0.0234985 0.0141008
0.0256348 0.0167992
0.0269165 0.019432
0.0273438 0.021989
0.0269165 0.0244601
0.0256348 0.0268356
0.0234985 0.0291064
0.0205078 0.0312635
0.0166626 0.0332986
0.0119629 0.0352036
0.00640869 0.0369711
0 0.0385943
0 0
0.00892639 0.00428308
0.0166626 0.00854944
0.0232086 0.0127824
0.0285645 0.0169655
0.0327301 0.0210823
0.0357056 0.0251168
0.0374908 0.0290532
0.0380859 0.0328761
0.0374908 0.0365707
0.0357056 0.0401224
0.0327301 0.0435175
0.0285645 0.0467427
0.0232086 0.0497853
0.0166626 0.0526335
0.00892639 0.0552762
0 0.057703
0 0
0.0109863 0.00568472
0.0205078 0.0113472
0.0285645 0.0169655
0.0351563 0.0225174
0.0402832 0.0279815
0.0439453 0.0333362
0.0461426 0.0385608
0.046875 0.0436348
0.0461426 0.0485385
0.0439453 0.0532525
0.0402832 0.0577587
0.0351563 0.0620392
0.0285645 0.0660776
0.0205078 0.0698578
0.0109863 0.0733653
0 0.0765863
0 0
0.0125885 0.00706417
0.0234985 0.0141008
0.0327301 0.0210823
0.0402832 0.0279815
0.0461578 0.0347714
0.050354 0.0414255
0.0528717 0.0479179
0.0537109 0.0542232
0.0528717 0.0603167
0.050354 0.0661747
0.0461578 0.0717743
0.0402832 0.0770936
0.0327301 0.0821118
0.0234985 0.0868094
0.0125885 0.091168
0 0.0951706
0 0
0.0137329 0.00841603
0.0256348 0.0167992
0.0357056 0.0251168
0.0439453 0.0333362
0.050354 0.0414255
0.0549316 0.0493531
0.0576782 0.0570879
0.0585938 0.0645998
0.0576782 0.0718594
0.0549316 0.0788384
0.050354 0.0855096
0.0439453 0.0918468
0.0357056 0.0978254
0.0256348 0.103422
0.0137329 0.108615
0 0.113383
0 0
0.0144196 0.00973502
0.0269165 0.019432
0.0374908 0.0290532
0.0461426 0.0385608
0.0528717 0.0479179
0.0576782 0.0570879
0.0605621 0.0660349
0.0615234 0.0747241
0.0605621 0.0831215
0.0576782 0.0911943
0.0528717 0.098911
0.0461426 0.106241
0.0374908 0.113157
0.0269165 0.119631
0.0144196 0.125637
0 0.131153
0 0
0.0146484 0.011016
0.0273438 0.021989
0.0380859 0.0328761
0.046875 0.0436348
0.0537109 0.0542232
0.0585938 0.0645998
0.0615234 0.0747241
0.0625 0.0845567
0.0615234 0.094059
0.0585938 0.103194
0.0537109 0.111926
0.046875 0.120221
0.0380859 0.128047
0.0273438 0.135372
0.0146484 0.142169
0 0.148411
0 0
0.0144196 0.012254
0.0269165 0.0244601
0.0374908 0.0365707
0.0461426 0.0485385
0.0528717 0.0603167
0.0576782 0.0718594
0.0605621 0.0831215
0.0615234 0.094059
0.0605621 0.104629
0.0576782 0.114791
0.0528717 0.124504
0.0461426 0.133731
0.0374908 0.142436
0.0269165 0.150585
0.0144196 0.158146
0 0.165089
0 0
0.0137329 0.0134441
0.0256348 0.0268356
0.0357056 0.0401224
0.0439453 0.0532525
0.050354 0.0661747
0.0549316 0.0788384
0.0576782 0.0911943
0.0585938 0.103194
0.0576782 0.114791
0.0549316 0.125939
0.050354 0.136596
0.0439453 0.14672
0.0357056 0.15627
0.0256348 0.16521
0.0137329 0.173505
0 0.181123
0 0
0.0125885 0.0145817
0.0234985 0.0291064
0.0327301 0.0435175
0.0402832 0.0577587
0.0461578 0.0717743
0.050354 0.0855096
0.0528717 0.098911
0.0537109 0.111926
0.0528717 0.124504
0.050354 0.136596
0.0461578 0.148155
0.0402832 0.159135
0.0327301 0.169493
0.0234985 0.17919
0.0125885 0.188187
0 0.196449
0 0
0.0109863 0.0156624
0.0205078 0.0312635
0.0285645 0.0467427
0.0351563 0.0620392
0.0402832 0.0770936
0.0439453 0.0918468
0.0461426 0.106241
0.046875 0.120221
0.0461426 0.133731
0.0439453 0.14672
0.0402832 0.159135
0.0351563 0.170928
0.0285645 0.182055
0.0205078 0.19247
0.0109863 0.202134
0 0.211008
0 0
0.00892639 0.0166819
0.0166626 0.0332986
0.0232086 0.0497853
0.0285645 0.0660776
0.0327301 0.0821118
0.0357056 0.0978254
0.0374908 0.113157
0.0380859 0.128047
0.0374908 0.142436
0.0357056 0.15627
0.0327301 0.169493
0.0285645 0.182055
0.0232086 0.193905
0.0166626 0.204998
0.00892639 0.215291
0 0.224743
0 0
0.00640869 0.0176362
0.0119629 0.0352036
0.0166626 0.0526335
0.0205078 0.0698578
0.0234985 0.0868094
0.0256348 0.103422
0.0269165 0.119631
0.0273438 0.135372
0.0269165 0.150585
0.0256348 0.16521
0.0234985 0.17919
0.0205078 0.19247
0.0166626 0.204998
0.0119629 0.216726
0.00640869 0.227608
0 0.237601
0 0
0.00343323 0.0185217
0.00640869 0.0369711
0.00892639 0.0552762
0.0109863 0.0733653
0.0125885 0.091168
0.0137329 0.108615
0.0144196 0.125637
0.0146484 0.142169
0.0144196 0.158146
0.0137329 0.173505
0.0125885 0.188187
0.0109863 0.202134
0.00892639 0.215291
0.00640869 0.227608
0.00343323 0.239036
0 0.24953
0 0
0 0.0193349
0 0.0385943
0 0.057703
0 0.0765863
0 0.0951706
0 0.113383
0 0.131153
0 0.148411
0 0.165089
0 0.181123
0 0.196449
0 0.211008
0 0.224743
0 0.237601
0 0.24953
0 0.260486
