0 0
0 0
0 0
0 0
0 0
0 0
0 0
0 0
0 0
0 0
0 0
0 0
0 0
0 0
0 0
0 0
0 0
0 0
-33.8065 -33.8065
-32.9678 -32.9678
-32.4079 -32.4079
-31.2282 -31.2282
-29.9729 -29.9729
-28.5346 -28.5346
-27.0014 -27.0014
-25.4402 -25.4402
-23.7567 -23.7567
-21.8202 -21.8202
-19.6814 -19.6814
-17.2777 -17.2777
-14.4107 -14.4107
-10.8808 -10.8808
-6.35868 -6.35868
0 0
0 0
-30.812 -30.812
-29.687 -29.687
-29.3228 -29.3228
-28.3993 -28.3993
-27.3582 -27.3582
-26.0941 -26.0941
-24.7274 -24.7274
-23.2874 -23.2874
-21.682 -21.682
-19.9459 -19.9459
-18.0351 -18.0351
-15.9137 -15.9137
-13.2861 -13.2861
-10.1346 -10.1346
-5.90221 -5.90221
0 0
0 0
-28.7455 -28.7455
-28.0163 -28.0163
-27.7849 -27.7849
-27.0321 -27.0321
-26.1369 -26.1369
-25.0262 -25.0262
-23.7349 -23.7349
-22.31 -22.31
-20.7253 -20.7253
-19.0056 -19.0056
-17.1418 -17.1418
-15.1023 -15.1023
-12.5862 -12.5862
-9.58109 -9.58109
-5.56576 -5.56576
0 0
0 0
-26.578 -26.578
-26.1973 -26.1973
-26.0574 -26.0574
-25.4739 -25.4739
-24.7697 -24.7697
-23.8297 -23.8297
-22.6796 -22.6796
-21.3418 -21.3418
-19.815 -19.815
-18.1214 -18.1214
-16.2945 -16.2945
-14.3113 -14.3113
-11.9044 -11.9044
-9.0457 -9.0457
-5.23917 -5.23917
0 0
0 0
-24.3861 -24.3861
-24.2261 -24.2261
-24.1833 -24.1833
-23.7634 -23.7634
-23.2229 -23.2229
-22.4734 -22.4734
-21.5227 -21.5227
-20.3226 -20.3226
-18.916 -18.916
-17.2982 -17.2982
-15.4955 -15.4955
-13.5439 -13.5439
-11.2376 -11.2376
-8.52298 -8.52298
-4.92272 -4.92272
0 0
0 0
-22.1821 -22.1821
-22.1713 -22.1713
-22.1968 -22.1968
-21.9029 -21.9029
-21.5176 -21.5176
-20.9564 -20.9564
-20.1855 -20.1855
-19.2014 -19.2014
-17.9741 -17.9741
-16.4747 -16.4747
-14.7345 -14.7345
-12.8116 -12.8116
-10.5883 -10.5883
-8.01273 -8.01273
-4.61466 -4.61466
0 0
0 0
-19.9262 -19.9262
-20.0542 -20.0542
-20.1101 -20.1101
-19.9201 -19.9201
-19.6659 -19.6659
-19.2676 -19.2676
-18.6976 -18.6976
-17.9204 -17.9204
-16.8949 -16.8949
-15.5845 -15.5845
-13.985 -13.985
-12.1195 -12.1195
-9.97828 -9.97828
-7.51621 -7.51621
-4.31333 -4.31333
0 0
0 0
-17.5258 -17.5258
-17.8857 -17.8857
-17.9466 -17.9466
-17.832 -17.832
-17.6782 -17.6782
-17.4195 -17.4195
-17.0233 -17.0233
-16.4489 -16.4489
-15.655 -15.655
-14.5529 -14.5529
-13.161 -13.161
-11.452 -11.452
-9.4024 -9.4024
-7.03356 -7.03356
-4.0215 -4.0215
0 0
0 0
-15.1888 -15.1888
-15.6871 -15.6871
-15.7443 -15.7443
-15.6774 -15.6774
-15.5885 -15.5885
-15.4298 -15.4298
-15.1743 -15.1743
-14.7818 -14.7818
-14.1829 -14.1829
-13.3407 -13.3407
-12.2063 -12.2063
-10.7229 -10.7229
-8.83125 -8.83125
-6.57676 -6.57676
-3.7374 -3.7374
0 0
0 0
-12.9082 -12.9082
-13.4704 -13.4704
-13.5178 -13.5178
-13.4827 -13.4827
-13.437 -13.437
-13.349 -13.349
-13.1959 -13.1959
-12.9405 -12.9405
-12.5334 -12.5334
-11.9277 -11.9277
-11.0504 -11.0504
-9.84413 -9.84413
-8.21421 -8.21421
-6.11762 -6.11762
-3.46943 -3.46943
0 0
0 0
-10.6631 -10.6631
-11.2449 -11.2449
-11.2741 -11.2741
-11.2578 -11.2578
-11.2357 -11.2357
-11.19 -11.19
-11.1058 -11.1058
-10.9571 -10.9571
-10.7036 -10.7036
-10.2988 -10.2988
-9.684 -9.684
-8.75609 -8.75609
-7.43452 -7.43452
-5.6175 -5.6175
-3.19352 -3.19352
0 0
0 0
-8.36407 -8.36407
-9.0118 -9.0118
-9.02313 -9.02313
-9.01763 -9.01763
-9.00813 -9.00813
-8.98644 -8.98644
-8.9431 -8.9431
-8.86249 -8.86249
-8.71868 -8.71868
-8.47371 -8.47371
-8.06407 -8.06407
-7.41868 -7.41868
-6.43875 -6.43875
-4.98376 -4.98376
-2.85882 -2.85882
0 0
0 0
-6.19102 -6.19102
-6.76679 -6.76679
-6.7706 -6.7706
-6.76972 -6.76972
-6.76687 -6.76687
-6.7584 -6.7584
-6.7395 -6.7395
-6.70095 -6.70095
-6.62647 -6.62647
-6.49054 -6.49054
-6.25022 -6.25022
-5.84851 -5.84851
-5.17903 -5.17903
-4.11236 -4.11236
-2.41918 -2.41918
0 0
0 0
-4.08033 -4.08033
-4.51325 -4.51325
-4.51575 -4.51575
-4.51606 -4.51606
-4.51585 -4.51585
-4.51322 -4.51322
-4.5062 -4.5062
-4.4905 -4.4905
-4.45812 -4.45812
-4.39427 -4.39427
-4.27286 -4.27286
-4.04872 -4.04872
-3.65263 -3.65263
-2.96117 -2.96117
-1.75669 -1.75669
0 0
0 0
-2.09078 -2.09078
-2.25354 -2.25354
-2.25663 -2.25663
-2.25582 -2.25582
-2.25545 -2.25545
-2.25424 -2.25424
-2.2517 -2.2517
-2.24635 -2.24635
-2.23528 -2.23528
-2.21259 -2.21259
-2.16618 -2.16618
-2.07147 -2.07147
-1.8827 -1.8827
-1.52127 -1.52127
-0.869912 -0.869912
0 0
0 0
0 0
0 0
0 0
0 0
0 0
0 0
0 0
0 0
0 0
0 0
0 0
0 0
0 0
0 0
0 0
0 0
