18 18 0.675
18 19 0.0625
18 35 -0.0375
19 19 0.675
19 18 0.0625
19 20 0.0625
19 35 0.0125
19 36 -0.0375
20 20 0.675
20 19 0.0625
20 21 0.0625
20 36 0.0125
20 37 -0.0375
21 21 0.675
21 20 0.0625
21 22 0.0625
21 37 0.0125
21 38 -0.0375
22 22 0.675
22 21 0.0625
22 23 0.0625
22 38 0.0125
22 39 -0.0375
23 23 0.675
23 22 0.0625
23 24 0.0625
23 39 0.0125
23 40 -0.0375
24 24 0.675
24 23 0.0625
24 25 0.0625
24 40 0.0125
24 41 -0.0375
25 25 0.675
25 24 0.0625
25 26 0.0625
25 41 0.0125
25 42 -0.0375
26 26 0.675
26 25 0.0625
26 27 0.0625
26 42 0.0125
26 43 -0.0375
27 27 0.675
27 26 0.0625
27 28 0.0625
27 43 0.0125
27 44 -0.0375
28 28 0.675
28 27 0.0625
28 29 0.0625
28 44 0.0125
28 45 -0.0375
29 29 0.675
29 28 0.0625
29 30 0.0625
29 45 0.0125
29 46 -0.0375
30 30 0.675
30 29 0.0625
30 31 0.0625
30 46 0.0125
30 47 -0.0375
31 31 0.675
31 30 0.0625
31 32 0.0625
31 47 0.0125
31 48 -0.0375
32 32 0.675
32 31 0.0625
32 48 0.0125
32 49 -0.0375
35 18 -0.0375
35 35 0.675
35 19 0.0125
35 36 0.0625
35 52 -0.0375
36 19 -0.0375
36 36 0.675
36 35 0.0625
36 20 0.0125
36 37 0.0625
36 52 0.0125
36 53 -0.0375
37 20 -0.0375
37 37 0.675
37 36 0.0625
37 21 0.0125
37 38 0.0625
37 53 0.0125
37 54 -0.0375
38 21 -0.0375
38 38 0.675
38 37 0.0625
38 22 0.0125
38 39 0.0625
38 54 0.0125
38 55 -0.0375
39 22 -0.0375
39 39 0.675
39 38 0.0625
39 23 0.0125
39 40 0.0625
39 55 0.0125
39 56 -0.0375
40 23 -0.0375
40 40 0.675
40 39 0.0625
40 24 0.0125
40 41 0.0625
40 56 0.0125
40 57 -0.0375
41 24 -0.0375
41 41 0.675
41 40 0.0625
41 25 0.0125
41 42 0.0625
41 57 0.0125
41 58 -0.0375
42 25 -0.0375
42 42 0.675
42 41 0.0625
42 26 0.0125
42 43 0.0625
42 58 0.0125
42 59 -0.0375
43 26 -0.0375
43 43 0.675
43 42 0.0625
43 27 0.0125
43 44 0.0625
43 59 0.0125
43 60 -0.0375
44 27 -0.0375
44 44 0.675
44 43 0.0625
44 28 0.0125
44 45 0.0625
44 60 0.0125
44 61 -0.0375
45 28 -0.0375
45 45 0.675
45 44 0.0625
45 29 0.0125
45 46 0.0625
45 61 0.0125
45 62 -0.0375
46 29 -0.0375
46 46 0.675
46 45 0.0625
46 30 0.0125
46 47 0.0625
46 62 0.0125
46 63 -0.0375
47 30 -0.0375
47 47 0.675
47 46 0.0625
47 31 0.0125
47 48 0.0625
47 63 0.0125
47 64 -0.0375
48 31 -0.0375
48 48 0.675
48 47 0.0625
48 32 0.0125
48 49 0.0625
48 64 0.0125
48 65 -0.0375
49 32 -0.0375
49 49 0.675
49 48 0.0625
49 65 0.0125
49 66 -0.0375
52 35 -0.0375
52 52 0.675
52 36 0.0125
52 53 0.0625
52 69 -0.0375
53 36 -0.0375
53 53 0.675
53 52 0.0625
53 37 0.0125
53 54 0.0625
53 69 0.0125
53 70 -0.0375
54 37 -0.0375
54 54 0.675
54 53 0.0625
54 38 0.0125
54 55 0.0625
54 70 0.0125
54 71 -0.0375
55 38 -0.0375
55 55 0.675
55 54 0.0625
55 39 0.0125
55 56 0.0625
55 71 0.0125
55 72 -0.0375
56 39 -0.0375
56 56 0.675
56 55 0.0625
56 40 0.0125
56 57 0.0625
56 72 0.0125
56 73 -0.0375
57 40 -0.0375
57 57 0.675
57 56 0.0625
57 41 0.0125
57 58 0.0625
57 73 0.0125
57 74 -0.0375
58 41 -0.0375
58 58 0.675
58 57 0.0625
58 42 0.0125
58 59 0.0625
58 74 0.0125
58 75 -0.0375
59 42 -0.0375
59 59 0.675
59 58 0.0625
59 43 0.0125
59 60 0.0625
59 75 0.0125
59 76 -0.0375
60 43 -0.0375
60 60 0.675
60 59 0.0625
60 44 0.0125
60 61 0.0625
60 76 0.0125
60 77 -0.0375
61 44 -0.0375
61 61 0.675
61 60 0.0625
61 45 0.0125
61 62 0.0625
61 77 0.0125
61 78 -0.0375
62 45 -0.0375
62 62 0.675
62 61 0.0625
62 46 0.0125
62 63 0.0625
62 78 0.0125
62 79 -0.0375
63 46 -0.0375
63 63 0.675
63 62 0.0625
63 47 0.0125
63 64 0.0625
63 79 0.0125
63 80 -0.0375
64 47 -0.0375
64 64 0.675
64 63 0.0625
64 48 0.0125
64 65 0.0625
64 80 0.0125
64 81 -0.0375
65 48 -0.0375
65 65 0.675
65 64 0.0625
65 49 0.0125
65 66 0.0625
65 81 0.0125
65 82 -0.0375
66 49 -0.0375
66 66 0.675
66 65 0.0625
66 82 0.0125
66 83 -0.0375
69 52 -0.0375
69 69 0.675
69 53 0.0125
69 70 0.0625
69 86 -0.0375
70 53 -0.0375
70 70 0.675
70 69 0.0625
70 54 0.0125
70 71 0.0625
70 86 0.0125
70 87 -0.0375
71 54 -0.0375
71 71 0.675
71 70 0.0625
71 55 0.0125
71 72 0.0625
71 87 0.0125
71 88 -0.0375
72 55 -0.0375
72 72 0.675
72 71 0.0625
72 56 0.0125
72 73 0.0625
72 88 0.0125
72 89 -0.0375
73 56 -0.0375
73 73 0.675
73 72 0.0625
73 57 0.0125
73 74 0.0625
73 89 0.0125
73 90 -0.0375
74 57 -0.0375
74 74 0.675
74 73 0.0625
74 58 0.0125
74 75 0.0625
74 90 0.0125
74 91 -0.0375
75 58 -0.0375
75 75 0.675
75 74 0.0625
75 59 0.0125
75 76 0.0625
75 91 0.0125
75 92 -0.0375
76 59 -0.0375
76 76 0.675
76 75 0.0625
76 60 0.0125
76 77 0.0625
76 92 0.0125
76 93 -0.0375
77 60 -0.0375
77 77 0.675
77 76 0.0625
77 61 0.0125
77 78 0.0625
77 93 0.0125
77 94 -0.0375
78 61 -0.0375
78 78 0.675
78 77 0.0625
78 62 0.0125
78 79 0.0625
78 94 0.0125
78 95 -0.0375
79 62 -0.0375
79 79 0.675
79 78 0.0625
79 63 0.0125
79 80 0.0625
79 95 0.0125
79 96 -0.0375
80 63 -0.0375
80 80 0.675
80 79 0.0625
80 64 0.0125
80 81 0.0625
80 96 0.0125
80 97 -0.0375
81 64 -0.0375
81 81 0.675
81 80 0.0625
81 65 0.0125
81 82 0.0625
81 97 0.0125
81 98 -0.0375
82 65 -0.0375
82 82 0.675
82 81 0.0625
82 66 0.0125
82 83 0.0625
82 98 0.0125
82 99 -0.0375
83 66 -0.0375
83 83 0.675
83 82 0.0625
83 99 0.0125
83 100 -0.0375
86 69 -0.0375
86 86 0.675
86 70 0.0125
86 87 0.0625
86 103 -0.0375
87 70 -0.0375
87 87 0.675
87 86 0.0625
87 71 0.0125
87 88 0.0625
87 103 0.0125
87 104 -0.0375
88 71 -0.0375
88 88 0.675
88 87 0.0625
88 72 0.0125
88 89 0.0625
88 104 0.0125
88 105 -0.0375
89 72 -0.0375
89 89 0.675
89 88 0.0625
89 73 0.0125
89 90 0.0625
89 105 0.0125
89 106 -0.0375
90 73 -0.0375
90 90 0.675
90 89 0.0625
90 74 0.0125
90 91 0.0625
90 106 0.0125
90 107 -0.0375
91 74 -0.0375
91 91 0.675
91 90 0.0625
91 75 0.0125
91 92 0.0625
91 107 0.0125
91 108 -0.0375
92 75 -0.0375
92 92 0.675
92 91 0.0625
92 76 0.0125
92 93 0.0625
92 108 0.0125
92 109 -0.0375
93 76 -0.0375
93 93 0.675
93 92 0.0625
93 77 0.0125
93 94 0.0625
93 109 0.0125
93 110 -0.0375
94 77 -0.0375
94 94 0.675
94 93 0.0625
94 78 0.0125
94 95 0.0625
94 110 0.0125
94 111 -0.0375
95 78 -0.0375
95 95 0.675
95 94 0.0625
95 79 0.0125
95 96 0.0625
95 111 0.0125
95 112 -0.0375
96 79 -0.0375
96 96 0.675
96 95 0.0625
96 80 0.0125
96 97 0.0625
96 112 0.0125
96 113 -0.0375
97 80 -0.0375
97 97 0.675
97 96 0.0625
97 81 0.0125
97 98 0.0625
97 113 0.0125
97 114 -0.0375
98 81 -0.0375
98 98 0.675
98 97 0.0625
98 82 0.0125
98 99 0.0625
98 114 0.0125
98 115 -0.0375
99 82 -0.0375
99 99 0.675
99 98 0.0625
99 83 0.0125
99 100 0.0625
99 115 0.0125
99 116 -0.0375
100 83 -0.0375
100 100 0.675
100 99 0.0625
100 116 0.0125
100 117 -0.0375
103 86 -0.0375
103 103 0.675
103 87 0.0125
103 104 0.0625
103 120 -0.0375
104 87 -0.0375
104 104 0.675
104 103 0.0625
104 88 0.0125
104 105 0.0625
104 120 0.0125
104 121 -0.0375
105 88 -0.0375
105 105 0.675
105 104 0.0625
105 89 0.0125
105 106 0.0625
105 121 0.0125
105 122 -0.0375
106 89 -0.0375
106 106 0.675
106 105 0.0625
106 90 0.0125
106 107 0.0625
106 122 0.0125
106 123 -0.0375
107 90 -0.0375
107 107 0.675
107 106 0.0625
107 91 0.0125
107 108 0.0625
107 123 0.0125
107 124 -0.0375
108 91 -0.0375
108 108 0.675
108 107 0.0625
108 92 0.0125
108 109 0.0625
108 124 0.0125
108 125 -0.0375
109 92 -0.0375
109 109 0.675
109 108 0.0625
109 93 0.0125
109 110 0.0625
109 125 0.0125
109 126 -0.0375
110 93 -0.0375
110 110 0.675
110 109 0.0625
110 94 0.0125
110 111 0.0625
110 126 0.0125
110 127 -0.0375
111 94 -0.0375
111 111 0.675
111 110 0.0625
111 95 0.0125
111 112 0.0625
111 127 0.0125
111 128 -0.0375
112 95 -0.0375
112 112 0.675
112 111 0.0625
112 96 0.0125
112 113 0.0625
112 128 0.0125
112 129 -0.0375
113 96 -0.0375
113 113 0.675
113 112 0.0625
113 97 0.0125
113 114 0.0625
113 129 0.0125
113 130 -0.0375
114 97 -0.0375
114 114 0.675
114 113 0.0625
114 98 0.0125
114 115 0.0625
114 130 0.0125
114 131 -0.0375
115 98 -0.0375
115 115 0.675
115 114 0.0625
115 99 0.0125
115 116 0.0625
115 131 0.0125
115 132 -0.0375
116 99 -0.0375
116 116 0.675
116 115 0.0625
116 100 0.0125
116 117 0.0625
116 132 0.0125
116 133 -0.0375
117 100 -0.0375
117 117 0.675
117 116 0.0625
117 133 0.0125
117 134 -0.0375
120 103 -0.0375
120 120 0.675
120 104 0.0125
120 121 0.0625
120 137 -0.0375
121 104 -0.0375
121 121 0.675
121 120 0.0625
121 105 0.0125
121 122 0.0625
121 137 0.0125
121 138 -0.0375
122 105 -0.0375
122 122 0.675
122 121 0.0625
122 106 0.0125
122 123 0.0625
122 138 0.0125
122 139 -0.0375
123 106 -0.0375
123 123 0.675
123 122 0.0625
123 107 0.0125
123 124 0.0625
123 139 0.0125
123 140 -0.0375
124 107 -0.0375
124 124 0.675
124 123 0.0625
124 108 0.0125
124 125 0.0625
124 140 0.0125
124 141 -0.0375
125 108 -0.0375
125 125 0.675
125 124 0.0625
125 109 0.0125
125 126 0.0625
125 141 0.0125
125 142 -0.0375
126 109 -0.0375
126 126 0.675
126 125 0.0625
126 110 0.0125
126 127 0.0625
126 142 0.0125
126 143 -0.0375
127 110 -0.0375
127 127 0.675
127 126 0.0625
127 111 0.0125
127 128 0.0625
127 143 0.0125
127 144 -0.0375
128 111 -0.0375
128 128 0.675
128 127 0.0625
128 112 0.0125
128 129 0.0625
128 144 0.0125
128 145 -0.0375
129 112 -0.0375
129 129 0.675
129 128 0.0625
129 113 0.0125
129 130 0.0625
129 145 0.0125
129 146 -0.0375
130 113 -0.0375
130 130 0.675
130 129 0.0625
130 114 0.0125
130 131 0.0625
130 146 0.0125
130 147 -0.0375
131 114 -0.0375
131 131 0.675
131 130 0.0625
131 115 0.0125
131 132 0.0625
131 147 0.0125
131 148 -0.0375
132 115 -0.0375
132 132 0.675
132 131 0.0625
132 116 0.0125
132 133 0.0625
132 148 0.0125
132 149 -0.0375
133 116 -0.0375
133 133 0.675
133 132 0.0625
133 117 0.0125
133 134 0.0625
133 149 0.0125
133 150 -0.0375
134 117 -0.0375
134 134 0.675
134 133 0.0625
134 150 0.0125
134 151 -0.0375
137 120 -0.0375
137 137 0.675
137 121 0.0125
137 138 0.0625
137 154 -0.0375
138 121 -0.0375
138 138 0.675
138 137 0.0625
138 122 0.0125
138 139 0.0625
138 154 0.0125
138 155 -0.0375
139 122 -0.0375
139 139 0.675
139 138 0.0625
139 123 0.0125
139 140 0.0625
139 155 0.0125
139 156 -0.0375
140 123 -0.0375
140 140 0.675
140 139 0.0625
140 124 0.0125
140 141 0.0625
140 156 0.0125
140 157 -0.0375
141 124 -0.0375
141 141 0.675
141 140 0.0625
141 125 0.0125
141 142 0.0625
141 157 0.0125
141 158 -0.0375
142 125 -0.0375
142 142 0.675
142 141 0.0625
142 126 0.0125
142 143 0.0625
142 158 0.0125
142 159 -0.0375
143 126 -0.0375
143 143 0.675
143 142 0.0625
143 127 0.0125
143 144 0.0625
143 159 0.0125
143 160 -0.0375
144 127 -0.0375
144 144 0.675
144 143 0.0625
144 128 0.0125
144 145 0.0625
144 160 0.0125
144 161 -0.0375
145 128 -0.0375
145 145 0.675
145 144 0.0625
145 129 0.0125
145 146 0.0625
145 161 0.0125
145 162 -0.0375
146 129 -0.0375
146 146 0.675
146 145 0.0625
146 130 0.0125
146 147 0.0625
146 162 0.0125
146 163 -0.0375
147 130 -0.0375
147 147 0.675
147 146 0.0625
147 131 0.0125
147 148 0.0625
147 163 0.0125
147 164 -0.0375
148 131 -0.0375
148 148 0.675
148 147 0.0625
148 132 0.0125
148 149 0.0625
148 164 0.0125
148 165 -0.0375
149 132 -0.0375
149 149 0.675
149 148 0.0625
149 133 0.0125
149 150 0.0625
149 165 0.0125
149 166 -0.0375
150 133 -0.0375
150 150 0.675
150 149 0.0625
150 134 0.0125
150 151 0.0625
150 166 0.0125
150 167 -0.0375
151 134 -0.0375
151 151 0.675
151 150 0.0625
151 167 0.0125
151 168 -0.0375
154 137 -0.0375
154 154 0.675
154 138 0.0125
154 155 0.0625
154 171 -0.0375
155 138 -0.0375
155 155 0.675
155 154 0.0625
155 139 0.0125
155 156 0.0625
155 171 0.0125
155 172 -0.0375
156 139 -0.0375
156 156 0.675
156 155 0.0625
156 140 0.0125
156 157 0.0625
156 172 0.0125
156 173 -0.0375
157 140 -0.0375
157 157 0.675
157 156 0.0625
157 141 0.0125
157 158 0.0625
157 173 0.0125
157 174 -0.0375
158 141 -0.0375
158 158 0.675
158 157 0.0625
158 142 0.0125
158 159 0.0625
158 174 0.0125
158 175 -0.0375
159 142 -0.0375
159 159 0.675
159 158 0.0625
159 143 0.0125
159 160 0.0625
159 175 0.0125
159 176 -0.0375
160 143 -0.0375
160 160 0.675
160 159 0.0625
160 144 0.0125
160 161 0.0625
160 176 0.0125
160 177 -0.0375
161 144 -0.0375
161 161 0.675
161 160 0.0625
161 145 0.0125
161 162 0.0625
161 177 0.0125
161 178 -0.0375
162 145 -0.0375
162 162 0.675
162 161 0.0625
162 146 0.0125
162 163 0.0625
162 178 0.0125
162 179 -0.0375
163 146 -0.0375
163 163 0.675
163 162 0.0625
163 147 0.0125
163 164 0.0625
163 179 0.0125
163 180 -0.0375
164 147 -0.0375
164 164 0.675
164 163 0.0625
164 148 0.0125
164 165 0.0625
164 180 0.0125
164 181 -0.0375
165 148 -0.0375
165 165 0.675
165 164 0.0625
165 149 0.0125
165 166 0.0625
165 181 0.0125
165 182 -0.0375
166 149 -0.0375
166 166 0.675
166 165 0.0625
166 150 0.0125
166 167 0.0625
166 182 0.0125
166 183 -0.0375
167 150 -0.0375
167 167 0.675
167 166 0.0625
167 151 0.0125
167 168 0.0625
167 183 0.0125
167 184 -0.0375
168 151 -0.0375
168 168 0.675
168 167 0.0625
168 184 0.0125
168 185 -0.0375
171 154 -0.0375
171 171 0.675
171 155 0.0125
171 172 0.0625
171 188 -0.0375
172 155 -0.0375
172 172 0.675
172 171 0.0625
172 156 0.0125
172 173 0.0625
172 188 0.0125
172 189 -0.0375
173 156 -0.0375
173 173 0.675
173 172 0.0625
173 157 0.0125
173 174 0.0625
173 189 0.0125
173 190 -0.0375
174 157 -0.0375
174 174 0.675
174 173 0.0625
174 158 0.0125
174 175 0.0625
174 190 0.0125
174 191 -0.0375
175 158 -0.0375
175 175 0.675
175 174 0.0625
175 159 0.0125
175 176 0.0625
175 191 0.0125
175 192 -0.0375
176 159 -0.0375
176 176 0.675
176 175 0.0625
176 160 0.0125
176 177 0.0625
176 192 0.0125
176 193 -0.0375
177 160 -0.0375
177 177 0.675
177 176 0.0625
177 161 0.0125
177 178 0.0625
177 193 0.0125
177 194 -0.0375
178 161 -0.0375
178 178 0.675
178 177 0.0625
178 162 0.0125
178 179 0.0625
178 194 0.0125
178 195 -0.0375
179 162 -0.0375
179 179 0.675
179 178 0.0625
179 163 0.0125
179 180 0.0625
179 195 0.0125
179 196 -0.0375
180 163 -0.0375
180 180 0.675
180 179 0.0625
180 164 0.0125
180 181 0.0625
180 196 0.0125
180 197 -0.0375
181 164 -0.0375
181 181 0.675
181 180 0.0625
181 165 0.0125
181 182 0.0625
181 197 0.0125
181 198 -0.0375
182 165 -0.0375
182 182 0.675
182 181 0.0625
182 166 0.0125
182 183 0.0625
182 198 0.0125
182 199 -0.0375
183 166 -0.0375
183 183 0.675
183 182 0.0625
183 167 0.0125
183 184 0.0625
183 199 0.0125
183 200 -0.0375
184 167 -0.0375
184 184 0.675
184 183 0.0625
184 168 0.0125
184 185 0.0625
184 200 0.0125
184 201 -0.0375
185 168 -0.0375
185 185 0.675
185 184 0.0625
185 201 0.0125
185 202 -0.0375
188 171 -0.0375
188 188 0.675
188 172 0.0125
188 189 0.0625
188 205 -0.0375
189 172 -0.0375
189 189 0.675
189 188 0.0625
189 173 0.0125
189 190 0.0625
189 205 0.0125
189 206 -0.0375
190 173 -0.0375
190 190 0.675
190 189 0.0625
190 174 0.0125
190 191 0.0625
190 206 0.0125
190 207 -0.0375
191 174 -0.0375
191 191 0.675
191 190 0.0625
191 175 0.0125
191 192 0.0625
191 207 0.0125
191 208 -0.0375
192 175 -0.0375
192 192 0.675
192 191 0.0625
192 176 0.0125
192 193 0.0625
192 208 0.0125
192 209 -0.0375
193 176 -0.0375
193 193 0.675
193 192 0.0625
193 177 0.0125
193 194 0.0625
193 209 0.0125
193 210 -0.0375
194 177 -0.0375
194 194 0.675
194 193 0.0625
194 178 0.0125
194 195 0.0625
194 210 0.0125
194 211 -0.0375
195 178 -0.0375
195 195 0.675
195 194 0.0625
195 179 0.0125
195 196 0.0625
195 211 0.0125
195 212 -0.0375
196 179 -0.0375
196 196 0.675
196 195 0.0625
196 180 0.0125
196 197 0.0625
196 212 0.0125
196 213 -0.0375
197 180 -0.0375
197 197 0.675
197 196 0.0625
197 181 0.0125
197 198 0.0625
197 213 0.0125
197 214 -0.0375
198 181 -0.0375
198 198 0.675
198 197 0.0625
198 182 0.0125
198 199 0.0625
198 214 0.0125
198 215 -0.0375
199 182 -0.0375
199 199 0.675
199 198 0.0625
199 183 0.0125
199 200 0.0625
199 215 0.0125
199 216 -0.0375
200 183 -0.0375
200 200 0.675
200 199 0.0625
200 184 0.0125
200 201 0.0625
200 216 0.0125
200 217 -0.0375
201 184 -0.0375
201 201 0.675
201 200 0.0625
201 185 0.0125
201 202 0.0625
201 217 0.0125
201 218 -0.0375
202 185 -0.0375
202 202 0.675
202 201 0.0625
202 218 0.0125
202 219 -0.0375
205 188 -0.0375
205 205 0.675
205 189 0.0125
205 206 0.0625
205 222 -0.0375
206 189 -0.0375
206 206 0.675
206 205 0.0625
206 190 0.0125
206 207 0.0625
206 222 0.0125
206 223 -0.0375
207 190 -0.0375
207 207 0.675
207 206 0.0625
207 191 0.0125
207 208 0.0625
207 223 0.0125
207 224 -0.0375
208 191 -0.0375
208 208 0.675
208 207 0.0625
208 192 0.0125
208 209 0.0625
208 224 0.0125
208 225 -0.0375
209 192 -0.0375
209 209 0.675
209 208 0.0625
209 193 0.0125
209 210 0.0625
209 225 0.0125
209 226 -0.0375
210 193 -0.0375
210 210 0.675
210 209 0.0625
210 194 0.0125
210 211 0.0625
210 226 0.0125
210 227 -0.0375
211 194 -0.0375
211 211 0.675
211 210 0.0625
211 195 0.0125
211 212 0.0625
211 227 0.0125
211 228 -0.0375
212 195 -0.0375
212 212 0.675
212 211 0.0625
212 196 0.0125
212 213 0.0625
212 228 0.0125
212 229 -0.0375
213 196 -0.0375
213 213 0.675
213 212 0.0625
213 197 0.0125
213 214 0.0625
213 229 0.0125
213 230 -0.0375
214 197 -0.0375
214 214 0.675
214 213 0.0625
214 198 0.0125
214 215 0.0625
214 230 0.0125
214 231 -0.0375
215 198 -0.0375
215 215 0.675
215 214 0.0625
215 199 0.0125
215 216 0.0625
215 231 0.0125
215 232 -0.0375
216 199 -0.0375
216 216 0.675
216 215 0.0625
216 200 0.0125
216 217 0.0625
216 232 0.0125
216 233 -0.0375
217 200 -0.0375
217 217 0.675
217 216 0.0625
217 201 0.0125
217 218 0.0625
217 233 0.0125
217 234 -0.0375
218 201 -0.0375
218 218 0.675
218 217 0.0625
218 202 0.0125
218 219 0.0625
218 234 0.0125
218 235 -0.0375
219 202 -0.0375
219 219 0.675
219 218 0.0625
219 235 0.0125
219 236 -0.0375
222 205 -0.0375
222 222 0.675
222 206 0.0125
222 223 0.0625
222 239 -0.0375
223 206 -0.0375
223 223 0.675
223 222 0.0625
223 207 0.0125
223 224 0.0625
223 239 0.0125
223 240 -0.0375
224 207 -0.0375
224 224 0.675
224 223 0.0625
224 208 0.0125
224 225 0.0625
224 240 0.0125
224 241 -0.0375
225 208 -0.0375
225 225 0.675
225 224 0.0625
225 209 0.0125
225 226 0.0625
225 241 0.0125
225 242 -0.0375
226 209 -0.0375
226 226 0.675
226 225 0.0625
226 210 0.0125
226 227 0.0625
226 242 0.0125
226 243 -0.0375
227 210 -0.0375
227 227 0.675
227 226 0.0625
227 211 0.0125
227 228 0.0625
227 243 0.0125
227 244 -0.0375
228 211 -0.0375
228 228 0.675
228 227 0.0625
228 212 0.0125
228 229 0.0625
228 244 0.0125
228 245 -0.0375
229 212 -0.0375
229 229 0.675
229 228 0.0625
229 213 0.0125
229 230 0.0625
229 245 0.0125
229 246 -0.0375
230 213 -0.0375
230 230 0.675
230 229 0.0625
230 214 0.0125
230 231 0.0625
230 246 0.0125
230 247 -0.0375
231 214 -0.0375
231 231 0.675
231 230 0.0625
231 215 0.0125
231 232 0.0625
231 247 0.0125
231 248 -0.0375
232 215 -0.0375
232 232 0.675
232 231 0.0625
232 216 0.0125
232 233 0.0625
232 248 0.0125
232 249 -0.0375
233 216 -0.0375
233 233 0.675
233 232 0.0625
233 217 0.0125
233 234 0.0625
233 249 0.0125
233 250 -0.0375
234 217 -0.0375
234 234 0.675
234 233 0.0625
234 218 0.0125
234 235 0.0625
234 250 0.0125
234 251 -0.0375
235 218 -0.0375
235 235 0.675
235 234 0.0625
235 219 0.0125
235 236 0.0625
235 251 0.0125
235 252 -0.0375
236 219 -0.0375
236 236 0.675
236 235 0.0625
236 252 0.0125
236 253 -0.0375
239 222 -0.0375
239 239 0.675
239 223 0.0125
239 240 0.0625
239 256 -0.0375
240 223 -0.0375
240 240 0.675
240 239 0.0625
240 224 0.0125
240 241 0.0625
240 256 0.0125
240 257 -0.0375
241 224 -0.0375
241 241 0.675
241 240 0.0625
241 225 0.0125
241 242 0.0625
241 257 0.0125
241 258 -0.0375
242 225 -0.0375
242 242 0.675
242 241 0.0625
242 226 0.0125
242 243 0.0625
242 258 0.0125
242 259 -0.0375
243 226 -0.0375
243 243 0.675
243 242 0.0625
243 227 0.0125
243 244 0.0625
243 259 0.0125
243 260 -0.0375
244 227 -0.0375
244 244 0.675
244 243 0.0625
244 228 0.0125
244 245 0.0625
244 260 0.0125
244 261 -0.0375
245 228 -0.0375
245 245 0.675
245 244 0.0625
245 229 0.0125
245 246 0.0625
245 261 0.0125
245 262 -0.0375
246 229 -0.0375
246 246 0.675
246 245 0.0625
246 230 0.0125
246 247 0.0625
246 262 0.0125
246 263 -0.0375
247 230 -0.0375
247 247 0.675
247 246 0.0625
247 231 0.0125
247 248 0.0625
247 263 0.0125
247 264 -0.0375
248 231 -0.0375
248 248 0.675
248 247 0.0625
248 232 0.0125
248 249 0.0625
248 264 0.0125
248 265 -0.0375
249 232 -0.0375
249 249 0.675
249 248 0.0625
249 233 0.0125
249 250 0.0625
249 265 0.0125
249 266 -0.0375
250 233 -0.0375
250 250 0.675
250 249 0.0625
250 234 0.0125
250 251 0.0625
250 266 0.0125
250 267 -0.0375
251 234 -0.0375
251 251 0.675
251 250 0.0625
251 235 0.0125
251 252 0.0625
251 267 0.0125
251 268 -0.0375
252 235 -0.0375
252 252 0.675
252 251 0.0625
252 236 0.0125
252 253 0.0625
252 268 0.0125
252 269 -0.0375
253 236 -0.0375
253 253 0.675
253 252 0.0625
253 269 0.0125
253 270 -0.0375
256 239 -0.0375
256 256 0.675
256 240 0.0125
256 257 0.0625
257 240 -0.0375
257 257 0.675
257 256 0.0625
257 241 0.0125
257 258 0.0625
258 241 -0.0375
258 258 0.675
258 257 0.0625
258 242 0.0125
258 259 0.0625
259 242 -0.0375
259 259 0.675
259 258 0.0625
259 243 0.0125
259 260 0.0625
260 243 -0.0375
260 260 0.675
260 259 0.0625
260 244 0.0125
260 261 0.0625
261 244 -0.0375
261 261 0.675
261 260 0.0625
261 245 0.0125
261 262 0.0625
262 245 -0.0375
262 262 0.675
262 261 0.0625
262 246 0.0125
262 263 0.0625
263 246 -0.0375
263 263 0.675
263 262 0.0625
263 247 0.0125
263 264 0.0625
264 247 -0.0375
264 264 0.675
264 263 0.0625
264 248 0.0125
264 265 0.0625
265 248 -0.0375
265 265 0.675
265 264 0.0625
265 249 0.0125
265 266 0.0625
266 249 -0.0375
266 266 0.675
266 265 0.0625
266 250 0.0125
266 267 0.0625
267 250 -0.0375
267 267 0.675
267 266 0.0625
267 251 0.0125
267 268 0.0625
268 251 -0.0375
268 268 0.675
268 267 0.0625
268 252 0.0125
268 269 0.0625
269 252 -0.0375
269 269 0.675
269 268 0.0625
269 253 0.0125
269 270 0.0625
270 253 -0.0375
270 270 0.675
270 269 0.0625
