0 0 1
0.0625 0 1
0.125 0 1
0.1875 0 1
0.25 0 1
0.3125 0 1
0.375 0 1
0.4375 0 1
0.5 0 1
0.5625 0 1
0.625 0 1
0.6875 0 1
0.75 0 1
0.8125 0 1
0.875 0 1
0.9375 0 1
1 0 1
0 0.0625 1
0.824933 0.824933 0
0.777208 0.714708 0
0.842026 0.717026 0
0.877887 0.690387 0
0.915726 0.665726 0
0.948968 0.636468 0
0.980459 0.605459 0
1 0.574161 1
1 0.540385 1
1 0.501265 1
1 0.458277 1
1 0.410277 1
1 0.352668 1
1 0.282048 1
1 0.192393 1
1 0.0621955 1
0 0.125 1
0.787415 0.849915 0
0.731606 0.731606 0
0.801726 0.739226 0
0.841872 0.716872 0
0.883312 0.695812 0
0.919119 0.669119 0
0.952979 0.640479 0
0.985617 0.610617 0
1 0.577106 1
1 0.540944 1
1 0.501091 1
1 0.457559 1
1 0.402714 1
1 0.338139 1
1 0.251961 1
1 0.124392 1
0 0.1875 1
0.738612 0.863612 0
0.697627 0.760127 0
0.769026 0.769026 0
0.813118 0.750618 0
0.857561 0.732561 0
0.896724 0.709224 0
0.932206 0.682206 0
0.965119 0.652619 0
0.994522 0.619522 0
1 0.583712 1
1 0.544866 1
1 0.503166 1
1 0.450586 1
1 0.389178 1
1 0.307388 1
1 0.186591 1
0 0.25 1
0.686838 0.874338 0
0.661151 0.786151 0
0.732688 0.795188 0
0.780685 0.780685 0
0.829077 0.766577 0
0.871867 0.746867 0
0.910378 0.722878 0
0.945004 0.695004 0
0.975652 0.663152 0
1 0.627802 1
1 0.589675 1
1 0.549072 1
1 0.498816 1
1 0.440411 1
1 0.362804 1
1 0.248794 1
0 0.3125 1
0.634686 0.884686 0
0.621292 0.808792 0
0.693337 0.818337 0
0.745069 0.807569 0
0.796807 0.796807 0
0.843616 0.781116 0
0.886385 0.761385 0
0.923828 0.736328 0
0.957045 0.707045 0
0.985756 0.673256 0
1 0.635541 1
1 0.59544 1
1 0.54735 1
1 0.491907 1
1 0.418436 1
1 0.311001 1
0 0.375 1
0.582401 0.894901 0
0.579551 0.829551 0
0.651645 0.839145 0
0.706296 0.831296 0
0.761201 0.823701 0
0.812015 0.812015 0
0.858507 0.796007 0
0.900539 0.775539 0
0.937525 0.750025 0
0.968733 0.718733 0
0.994809 0.682309 0
1 0.642569 1
1 0.596239 1
1 0.543651 1
1 0.474255 1
1 0.373214 1
0 0.4375 1
0.528871 0.903871 0
0.536631 0.849131 0
0.607834 0.857834 0
0.664965 0.852465 0
0.722539 0.847539 0
0.776768 0.839268 0
0.827462 0.827462 0
0.873853 0.811353 0
0.915101 0.790101 0
0.95028 0.76278 0
0.979389 0.729389 0
1 0.690624 1
1 0.645978 1
1 0.595632 1
1 0.530226 1
1 0.435435 1
0 0.5 1
0.472106 0.909606 0
0.492868 0.867868 0
0.562428 0.874928 0
0.621458 0.871458 0
0.681043 0.868543 0
0.738185 0.863185 0
0.79252 0.85502 0
0.84314 0.84314 0
0.889272 0.826772 0
0.928805 0.803805 0
0.962369 0.774869 0
0.989342 0.739342 0
1 0.696501 1
1 0.647884 1
1 0.586398 1
1 0.497663 1
0 0.5625 1
0.416806 0.916806 0
0.448265 0.885765 0
0.516263 0.891263 0
0.576572 0.889072 0
0.637433 0.887433 0
0.696664 0.884164 0
0.753923 0.878923 0
0.808374 0.870874 0
0.858516 0.858516 0
0.903558 0.841058 0
0.94253 0.81753 0
0.974293 0.786793 0
0.997246 0.747246 0
1 0.700732 1
1 0.642728 1
1 0.5599 1
0 0.625 1
0.363012 0.925512 0
0.403082 0.903082 0
0.469641 0.907141 0
0.530852 0.905852 0
0.59254 0.90504 0
0.653237 0.903237 0
0.712621 0.900121 0
0.769916 0.894916 0
0.82403 0.88653 0
0.874061 0.874061 0
0.918425 0.855925 0
0.956009 0.831009 0
0.984606 0.797106 0
1 0.753625 1
1 0.699442 1
1 0.622148 1
0 0.6875 1
0.310103 0.935103 0
0.357628 0.920128 0
0.422687 0.922687 0
0.484519 0.922019 0
0.546638 0.921638 0
0.60821 0.92071 0
0.669007 0.919007 0
0.728494 0.915994 0
0.785803 0.910803 0
0.839997 0.902497 0
0.889884 0.889884 0
0.933257 0.870757 0
0.968462 0.843462 0
0.993333 0.805833 0
1 0.756044 1
1 0.684406 1
0 0.75 1
0.256182 0.943682 0
0.312003 0.937003 0
0.375619 0.938119 0
0.437864 0.937864 0
0.500203 0.937703 0
0.562268 0.937268 0
0.623898 0.936398 0
0.684775 0.934775 0
0.744352 0.931852 0
0.801872 0.926872 0
0.856004 0.918504 0
0.905278 0.905278 0
0.947654 0.885154 0
0.980261 0.855261 0
0.99901 0.81151 0
1 0.746677 1
0 0.8125 1
0.205285 0.955285 0
0.26575 0.95325 0
0.328598 0.953598 0
0.391037 0.953537 0
0.453492 0.953492 0
0.515824 0.953324 0
0.577949 0.952949 0
0.639679 0.952179 0
0.700678 0.950678 0
0.760441 0.947941 0
0.818051 0.943051 0
0.872399 0.934899 0
0.921234 0.921234 0
0.962045 0.899545 0
0.989794 0.864794 0
1 0.808961 1
0 0.875 1
0.156215 0.968715 0
0.219019 0.969019 0
0.281589 0.969089 0
0.344083 0.969083 0
0.406585 0.969085 0
0.469033 0.969033 0
0.531396 0.968896 0
0.593585 0.968585 0
0.655439 0.967939 0
0.716664 0.966664 0
0.776724 0.964224 0
0.834713 0.959713 0
0.889212 0.951712 0
0.937833 0.937833 0
0.975698 0.913198 0
1 0.871258 1
0 0.9375 1
0.110022 0.985022 0
0.171893 0.984393 0
0.234529 0.984529 0
0.296998 0.984498 0
0.359495 0.984495 0
0.421972 0.984472 0
0.484423 0.984423 0
0.546818 0.984318 0
0.609101 0.984101 0
0.671154 0.983654 0
0.732742 0.982742 0
0.793376 0.980876 0
0.852147 0.977147 0
0.907538 0.970038 0
0.956731 0.956731 0
1 0.933571 1
0 1 1
0.0625 0.999696 0
0.125 0.999392 0
0.1875 0.999091 0
0.25 0.998794 0
0.3125 0.998501 0
0.375 0.998214 0
0.4375 0.997935 0
0.5 0.997663 0
0.5625 0.9974 0
0.625 0.997148 0
0.6875 0.996906 0
0.75 0.996677 0
0.8125 0.996461 0
0.875 0.996258 0
0.9375 0.996071 0
1 0.995898 1
