0 0
0 0
0 0
0 0
0 0
0 0
0 0
0 0
0 0
0 0
0 0
0 0
0 0
0 0
0 0
0 0
0 0
0 0
-48.7961 -48.7961
-41.7419 -41.7419
-41.8908 -41.8908
-40.1868 -40.1868
-38.6097 -38.6097
-36.7387 -36.7387
-34.7557 -34.7557
-32.7543 -32.7543
-30.5935 -30.5935
-28.0907 -28.0907
-25.3394 -25.3394
-22.267 -22.267
-18.5793 -18.5793
-14.0582 -14.0582
-8.31751 -8.31751
0 0.0193349
0 0
-46.3946 -46.3946
-38.823 -38.823
-39.3111 -39.3111
-37.8809 -37.8809
-36.5338 -36.5338
-34.8266 -34.8266
-32.9952 -32.9952
-31.0857 -31.0857
-28.9421 -28.9421
-26.6285 -26.6285
-24.0783 -24.0783
-21.2921 -21.2921
-17.7814 -17.7814
-13.6475 -13.6475
-8.12981 -8.12981
0 0.0385943
0 0
-43.271 -43.271
-36.6482 -36.6482
-37.2179 -37.2179
-36.0401 -36.0401
-34.8849 -34.8849
-33.3921 -33.3921
-31.6642 -31.6642
-29.7722 -29.7722
-27.6553 -27.6553
-25.3646 -25.3646
-22.879 -22.879
-20.2103 -20.2103
-16.8447 -16.8447
-12.9136 -12.9136
-7.67705 -7.67705
0 0.057703
0 0
-39.9573 -39.9573
-34.3136 -34.3136
-34.8921 -34.8921
-33.9641 -33.9641
-33.0615 -33.0615
-31.8005 -31.8005
-30.266 -30.266
-28.4833 -28.4833
-26.4461 -26.4461
-24.185 -24.185
-21.7457 -21.7457
-19.1476 -19.1476
-15.9309 -15.9309
-12.1921 -12.1921
-7.22347 -7.22347
0 0.0765863
0 0
-36.6195 -36.6195
-31.7624 -31.7624
-32.3735 -32.3735
-31.6845 -31.6845
-30.9959 -30.9959
-29.992 -29.992
-28.7297 -28.7297
-27.1269 -27.1269
-25.2539 -25.2539
-23.0926 -23.0926
-20.6799 -20.6799
-18.1141 -18.1141
-15.0364 -15.0364
-11.4874 -11.4874
-6.78371 -6.78371
0 0.0951706
0 0
-33.2732 -33.2732
-29.0909 -29.0909
-29.705 -29.705
-29.2029 -29.2029
-28.7169 -28.7169
-27.9693 -27.9693
-26.9451 -26.9451
-25.6356 -25.6356
-24.0035 -24.0035
-22.0017 -22.0017
-19.6715 -19.6715
-17.1292 -17.1292
-14.1645 -14.1645
-10.7986 -10.7986
-6.35593 -6.35593
0 0.113383
0 0
-29.8472 -29.8472
-26.344 -26.344
-26.901 -26.901
-26.5575 -26.5575
-26.2424 -26.2424
-25.7133 -25.7133
-24.9579 -24.9579
-23.9272 -23.9272
-22.5675 -22.5675
-20.8196 -20.8196
-18.6834 -18.6834
-16.2037 -16.2037
-13.3469 -13.3469
-10.1248 -10.1248
-5.93776 -5.93776
0 0.131153
0 0
-26.2143 -26.2143
-23.5431 -23.5431
-23.995 -23.995
-23.773 -23.773
-23.5865 -23.5865
-23.2438 -23.2438
-22.7214 -22.7214
-21.9613 -21.9613
-20.914 -20.914
-19.4446 -19.4446
-17.5934 -17.5934
-15.3205 -15.3205
-12.5794 -12.5794
-9.46825 -9.46825
-5.53247 -5.53247
0 0.148411
0 0
-22.6751 -22.6751
-20.6886 -20.6886
-21.0404 -21.0404
-20.9002 -20.9002
-20.7954 -20.7954
-20.5863 -20.5863
-20.251 -20.251
-19.7361 -19.7361
-18.9454 -18.9454
-17.8284 -17.8284
-16.323 -16.323
-14.3565 -14.3565
-11.826 -11.826
-8.8497 -8.8497
-5.13715 -5.13715
0 0.165089
0 0
-19.2324 -19.2324
-17.7969 -17.7969
-18.0566 -18.0566
-17.9741 -17.9741
-17.9222 -17.9222
-17.8068 -17.8068
-17.6075 -17.6075
-17.2746 -17.2746
-16.7381 -16.7381
-15.9404 -15.9404
-14.7799 -14.7799
-13.1857 -13.1857
-11.0164 -11.0164
-8.23425 -8.23425
-4.76639 -4.76639
0 0.181123
0 0
-15.8462 -15.8462
-14.8878 -14.8878
-15.0516 -15.0516
-15.0088 -15.0088
-14.9845 -14.9845
-14.9251 -14.9251
-14.8161 -14.8161
-14.6234 -14.6234
-14.2914 -14.2914
-13.76 -13.76
-12.953 -12.953
-11.7293 -11.7293
-9.98277 -9.98277
-7.57487 -7.57487
-4.38857 -4.38857
0 0.196449
0 0
-12.3954 -12.3954
-11.9679 -11.9679
-12.0393 -12.0393
-12.023 -12.023
-12.0127 -12.0127
-11.9848 -11.9848
-11.9292 -11.9292
-11.8254 -11.8254
-11.6384 -11.6384
-11.3198 -11.3198
-10.7845 -10.7845
-9.93833 -9.93833
-8.65068 -8.65068
-6.73794 -6.73794
-3.93805 -3.93805
0 0.211008
0 0
-9.13804 -9.13804
-9.0078 -9.0078
-9.03003 -9.03003
-9.0261 -9.0261
-9.0232 -9.0232
-9.01243 -9.01243
-8.98839 -8.98839
-8.93915 -8.93915
-8.84317 -8.84317
-8.66809 -8.66809
-8.35533 -8.35533
-7.8338 -7.8338
-6.95955 -6.95955
-5.57189 -5.57189
-3.34823 -3.34823
0 0.224743
0 0
-5.99762 -5.99762
-6.01703 -6.01703
-6.02152 -6.02152
-6.02111 -6.02111
-6.02121 -6.02121
-6.01789 -6.01789
-6.00907 -6.00907
-5.98918 -5.98918
-5.94787 -5.94787
-5.86628 -5.86628
-5.71025 -5.71025
-5.42169 -5.42169
-4.90991 -4.90991
-4.02209 -4.02209
-2.44596 -2.44596
0 0.237601
0 0
-3.04135 -3.04135
-3.00105 -3.00105
-3.0098 -3.0098
-3.00779 -3.00779
-3.00763 -3.00763
-3.00613 -3.00613
-3.003 -3.003
-2.9963 -2.9963
-2.98239 -2.98239
-2.95382 -2.95382
-2.89545 -2.89545
-2.77607 -2.77607
-2.53757 -2.53757
-2.08288 -2.08288
-1.23179 -1.23179
0 0.24953
0 0
0 0.0193349
0 0.0385943
0 0.057703
0 0.0765863
0 0.0951706
0 0.113383
0 0.131153
0 0.148411
0 0.165089
0 0.181123
0 0.196449
0 0.211008
0 0.224743
0 0.237601
0 0.24953
0 0.260486
